32 5.699506
64 11.422826
96 17.007149
128 22.473362
160 28.062227
192 33.657472
224 39.262302
256 44.852535
288 50.538295
320 56.483391
352 61.638734
384 67.258906
416 73.026915
448 78.411441
480 84.048614
512 89.598817
544 95.326049
576 101.241495
608 106.409141
640 112.033664
672 117.980464
704 123.641187
736 129.926502
768 134.489315
800 140.770878
832 145.721417
864 152.283051
896 156.998667
928 163.413715
960 168.372410
992 174.733195
1024 179.433451
1056 184.956921
1088 191.438312
1120 196.473282
1152 201.857136
1184 208.264582
1216 213.073871
1248 218.838650
1280 225.233831
1312 230.408952
1344 235.631292
1376 241.144216
1408 247.127359
1440 252.257868
1472 258.051537
1504 263.484893
1536 269.185122
1568 274.591995
1600 280.467405
1632 285.817827
1664 291.331234
1696 297.080606
1728 302.535906
1760 308.352323
1792 313.757320
1824 319.305501
1856 325.152146
1888 330.524166
1920 335.982039
1952 342.217136
1984 347.386407
2016 352.979849
2048 359.553295
2080 365.983675
2112 369.819141
2144 375.047807
2176 381.071966
2208 387.674504
2240 392.385434
2272 404.365669
2304 408.223033
2336 413.302817
2368 418.366330
2400 422.740179
2432 431.526498
2464 436.350157
2496 440.670809
2528 450.040625
2560 454.608441
2592 459.034109
2624 461.292042
2656 471.204897
2688 476.534346
2720 481.262605
2752 485.606291
2784 490.032009
2816 496.791105
2848 502.905285
2880 509.304752
2912 512.009204
2944 522.337516
2976 526.771725
3008 530.415970
3040 535.632558
3072 543.671036
3104 548.565524
3136 553.364006
3168 556.760836
3200 566.840488
3232 568.669771
3264 573.909739
3296 583.853348
3328 589.552723
3360 593.922939
3392 598.288966
3424 606.041777
3456 611.333825
3488 616.499989
3520 620.851951
3552 624.943823
3584 635.420680
3616 635.596267
3648 642.802470
3680 648.072520
3712 652.572160
3744 658.351732
3776 666.588691
3808 671.431550
3840 675.856821
3872 684.672337
3904 685.694203
3936 693.346231
3968 698.949197
4000 703.669327
4032 708.770573
4064 717.380176
4096 725.801975
4128 730.211030
4160 736.724618
4192 741.454144
4224 745.996711
4256 752.395440
4288 757.420313
4320 759.972050
4352 769.304432
4384 774.983426
4416 778.621107
4448 784.390099
4480 788.783149
4512 793.882066
4544 802.097065
4576 807.110532
4608 811.509897
4640 821.790771
4672 822.344641
4704 831.047198
4736 834.027660
4768 839.504520
4800 849.435968
4832 853.290526
4864 858.042961
4896 862.528104
4928 872.432003
4960 877.551569
4992 879.837494
5024 890.146362
5056 895.682095
5088 898.617930
5120 903.502042
5152 907.147105
5184 3364.828618
5216 1437.226778
5248 2277.957340
5280 1731.940658
5312 3425.154562
5344 1398.355684
5376 4188.940721
5408 7872.246640
5440 15108.137185
5472 21510.363988
5504 22966.785218
5536 23652.957165
5568 24519.626682
5600 24844.581462
5632 25614.907995
5664 32307.591397
5696 29527.013028
5728 28154.790160
5760 28696.416108
5792 33475.245075
5824 30032.578933
5856 30670.583857
5888 31765.941153
5920 31850.182220
5952 32476.109626
5984 33162.234655
6016 33703.850518
6048 34378.022330
6080 35112.231685
