32 8.725047
64 19.210509
96 24.599090
128 29.406567
160 35.664209
192 38.890585
224 42.912213
256 52.646351
288 54.247316
320 63.000574
352 67.892990
384 71.584865
416 81.213474
448 84.369372
480 87.690159
512 97.511157
544 99.246216
576 106.706173
608 113.097835
640 117.903855
672 120.998379
704 131.017129
736 136.492993
768 141.730231
800 144.798888
832 151.335504
864 158.962830
896 159.715938
928 167.094471
960 176.329773
992 180.830536
1024 184.747473
1056 193.278541
1088 196.380302
1120 200.955089
1152 210.093179
1184 210.389786
1216 218.558903
1248 222.500175
1280 229.545569
1312 237.023045
1344 238.523844
1376 248.413798
1408 253.174024
1440 256.327703
1472 265.628731
1504 269.725001
1536 274.882176
1568 281.696967
1600 286.677423
1632 289.726690
1664 299.030992
1696 302.201425
1728 308.114292
1760 312.136995
1792 321.876115
1824 325.124932
1856 331.031518
1888 335.916411
1920 339.199511
1952 346.253901
1984 350.332666
2016 360.329443
2048 364.376918
2080 371.643879
2112 376.498338
2144 377.731456
2176 388.393342
2208 391.821076
2240 396.095251
2272 402.599334
2304 411.021594
2336 415.438614
2368 421.111185
2400 425.131652
2432 428.230691
2464 433.320403
2496 441.685092
2528 447.460872
2560 450.842435
2592 460.351470
2624 461.431903
2656 467.880135
2688 478.143291
2720 483.340507
2752 484.025565
2784 491.659846
2816 497.701091
2848 504.689557
2880 510.030938
2912 511.917433
2944 522.913771
2976 524.065977
3008 531.217658
3040 534.325433
3072 540.588500
3104 550.635810
3136 552.360286
3168 559.509214
3200 564.439990
3232 571.123483
3264 573.846375
3296 583.286253
3328 584.338119
3360 594.792145
3392 595.963163
3424 605.330142
3456 606.154707
3488 612.439259
3520 619.527347
3552 628.119568
3584 631.888756
3616 636.483508
3648 640.859991
3680 646.844068
3712 651.498856
3744 658.334816
3776 663.357614
3808 673.083116
3840 676.059510
3872 682.923207
3904 684.995825
3936 690.545185
3968 700.038786
4000 702.919641
4032 710.047113
4064 714.326876
4096 717.570031
4128 725.710700
4160 730.354791
4192 734.651550
4224 740.213398
4256 746.600769
4288 753.025854
4320 760.911172
4352 762.187333
4384 771.705520
4416 778.367528
4448 783.578135
4480 788.852488
4512 792.164939
4544 796.864773
4576 801.562889
4608 810.418346
4640 815.587723
4672 819.520163
4704 828.263939
4736 834.699604
4768 835.890477
4800 842.298399
4832 852.045052
4864 855.248893
4896 859.497261
4928 867.954417
4960 872.637477
4992 877.573731
5024 879.443071
5056 886.675930
5088 891.788525
5120 898.828820
5152 905.412826
5184 911.251343
5216 912.836768
5248 918.469683
5280 924.917551
5312 931.269896
5344 940.376183
5376 944.443789
5408 2731.511335
5440 11543.026075
5472 19969.561513
5504 23472.394970
5536 24038.103592
5568 24591.595343
5600 25735.168365
5632 26397.243005
5664 27035.164630
5696 27564.781452
5728 28178.845057
5760 28588.138710
5792 29225.950013
5824 29960.358222
5856 32138.952678
5888 31392.567595
5920 31970.384248
5952 33342.580480
5984 33270.648078
6016 33872.461988
6048 34402.053163
6080 35232.596640
