32 13.341866
64 14.898918
96 20.043748
128 27.799799
160 33.048182
192 40.669550
224 43.471211
256 53.488004
288 56.671014
320 61.076101
352 66.034295
384 71.993409
416 80.953794
448 85.058119
480 88.425455
512 98.196068
544 102.240913
576 105.312077
608 114.049186
640 121.114991
672 125.018637
704 129.175164
736 134.021051
768 141.875160
800 145.502907
832 154.008140
864 157.992174
896 160.386915
928 166.838510
960 171.858803
992 176.788347
1024 185.814419
1056 190.271932
1088 195.017153
1120 204.973561
1152 206.237693
1184 212.596744
1216 217.286694
1248 223.753482
1280 230.072148
1312 235.273289
1344 244.955739
1376 249.316908
1408 252.915504
1440 257.821954
1472 262.490507
1504 273.206693
1536 276.809925
1568 279.837706
1600 284.789245
1632 293.894799
1664 299.830783
1696 301.492629
1728 308.981287
1760 311.607908
1792 320.846245
1824 325.826295
1856 332.312340
1888 337.840011
1920 341.864949
1952 348.197653
1984 353.142320
2016 357.818703
2048 365.076865
2080 369.433819
2112 374.433482
2144 379.929061
2176 389.364582
2208 394.500513
2240 396.910688
2272 407.216058
2304 411.418291
2336 416.117194
2368 421.342717
2400 426.951766
2432 429.387153
2464 439.777461
2496 443.838844
2528 448.500360
2560 452.341024
2592 462.220136
2624 464.729399
2656 474.123568
2688 479.275463
2720 484.089461
2752 485.691626
2784 493.074641
2816 501.991946
2848 506.156007
2880 511.406558
2912 515.396390
2944 519.715182
2976 529.558869
3008 533.514187
3040 538.351477
3072 546.836772
3104 551.631617
3136 555.937004
3168 559.996750
3200 564.815680
3232 571.170644
3264 576.290763
3296 581.080414
3328 586.522105
3360 595.883433
3392 600.896755
3424 603.461178
3456 613.445930
3488 618.594093
3520 619.411412
3552 627.351348
3584 632.171612
3616 641.008376
3648 645.432601
3680 651.538774
3712 653.824339
3744 663.872933
3776 667.893815
3808 675.719800
3840 678.031101
3872 685.735733
3904 691.838460
3936 695.436222
3968 699.924913
4000 705.322750
4032 710.537544
4064 716.655192
4096 721.522716
4128 731.760729
4160 732.884290
4192 737.051570
4224 747.759698
4256 747.923561
4288 757.738782
4320 776.147613
4352 784.205441
4384 773.639002
4416 778.954190
4448 784.344770
4480 789.026849
4512 798.396591
4544 801.452663
4576 806.436343
4608 810.865195
4640 815.417145
4672 825.371194
4704 830.163218
4736 832.203364
4768 838.463842
4800 843.191524
4832 851.581269
4864 856.353579
4896 861.227183
4928 865.496367
4960 875.447174
4992 875.891600
5024 883.503666
5056 888.567634
5088 896.175690
5120 901.199656
5152 908.399937
5184 913.460091
5216 919.850336
5248 4068.539015
5280 12145.429110
5312 11782.426268
5344 16563.969183
5376 13119.608950
5408 13156.563645
5440 18069.265457
5472 18705.607855
5504 21823.753317
5536 24507.546435
5568 25145.499730
5600 25964.029165
5632 26614.043900
5664 27191.810400
5696 27721.449562
5728 28335.342670
5760 28889.065625
5792 29960.339867
5824 30092.750443
5856 31392.823577
5888 31440.930493
5920 32379.756955
5952 33955.662489
5984 33330.706872
6016 33956.650852
6048 34450.233850
6080 35112.225055
