32 8.609855
64 15.590520
96 21.058635
128 31.075616
160 35.425208
192 40.819579
224 44.618854
256 49.235768
288 56.209158
320 64.891907
352 68.538070
384 73.449612
416 76.242742
448 86.277414
480 89.501818
512 94.304593
544 101.422351
576 105.363021
608 115.037132
640 119.975765
672 122.771021
704 128.049529
736 134.222252
768 138.746338
800 146.914574
832 153.529963
864 156.053975
896 160.935563
928 169.620297
960 173.716888
992 178.127282
1024 187.009394
1056 190.210100
1088 198.417710
1120 199.649206
1152 206.882341
1184 215.387700
1216 220.599953
1248 224.648425
1280 231.575373
1312 234.294887
1344 244.272082
1376 245.831819
1408 255.828513
1440 258.843099
1472 261.381374
1504 267.749726
1536 277.068557
1568 279.447807
1600 284.452372
1632 289.433198
1664 296.457871
1696 304.779537
1728 310.743317
1760 317.112121
1792 319.487858
1824 323.655594
1856 333.739222
1888 338.099990
1920 345.360152
1952 348.820512
1984 353.014476
2016 356.962030
2048 367.003978
2080 368.673437
2112 378.815538
2144 383.825312
2176 385.894658
2208 394.046260
2240 395.649570
2272 401.446555
2304 408.656125
2336 412.784614
2368 423.311927
2400 427.764420
2432 430.505459
2464 434.322083
2496 445.546676
2528 444.856685
2560 453.427732
2592 457.831761
2624 464.121150
2656 470.472199
2688 475.590581
2720 484.897826
2752 490.029223
2784 489.387535
2816 499.964288
2848 502.353831
2880 507.482004
2912 517.383308
2944 518.241002
2976 526.717879
3008 528.866619
3040 534.818719
3072 544.660264
3104 548.106780
3136 554.468789
3168 556.977142
3200 567.005986
3232 568.718905
3264 576.078285
3296 580.616066
3328 586.080290
3360 591.982418
3392 596.519748
3424 603.078361
3456 610.446541
3488 614.865989
3520 622.209957
3552 625.055968
3584 634.437331
3616 638.875256
3648 644.820645
3680 649.635920
3712 654.186944
3744 657.580605
3776 665.778026
3808 670.487192
3840 678.965665
3872 680.668194
3904 686.680716
3936 693.563487
3968 701.970297
4000 702.464767
4032 707.589432
4064 714.003499
4096 724.821513
4128 728.517601
4160 733.104044
4192 735.893153
4224 743.758411
4256 749.424945
4288 755.594549
4320 758.236056
4352 769.109561
4384 774.751097
4416 775.917131
4448 781.086121
4480 791.373245
4512 795.378521
4544 799.353762
4576 812.815531
4608 812.299444
4640 812.870381
4672 823.113846
4704 825.571235
4736 832.216746
4768 838.632559
4800 845.174712
4832 847.933803
4864 852.668542
4896 862.255341
4928 864.478606
4960 870.062945
4992 876.141298
5024 880.687239
5056 890.323252
5088 895.383403
5120 901.645384
5152 909.420421
5184 913.070991
5216 916.316509
5248 920.182536
5280 929.920467
5312 934.652583
5344 939.321601
5376 948.103509
5408 1468.183583
5440 11374.903347
5472 16707.341542
5504 21449.965178
5536 24146.260868
5568 24736.125482
5600 25855.718863
5632 27312.192540
5664 27179.778613
5696 27817.747350
5728 29635.352387
5760 28864.989170
5792 29671.424438
5824 30116.647430
5856 31031.185685
5888 31477.035358
5920 33342.791867
5952 33788.118508
5984 33439.072878
6016 33896.599585
6048 34594.647163
6080 35328.914142
