32 8.651320
64 16.951591
96 22.727214
128 27.539624
160 31.235926
192 42.114560
224 46.183885
256 50.780248
288 57.539126
320 61.178861
352 65.938543
384 74.939766
416 75.900216
448 82.483795
480 90.951760
512 95.650753
544 102.468494
576 106.574626
608 111.329528
640 116.009849
672 124.253746
704 129.006722
736 135.235670
768 139.817638
800 148.251864
832 149.442520
864 156.993788
896 161.845044
928 170.241591
960 174.284234
992 175.581515
1024 183.192860
1056 191.434682
1088 194.571191
1120 199.332496
1152 207.978483
1184 212.171403
1216 216.822194
1248 226.291884
1280 227.745872
1312 232.284604
1344 240.617477
1376 246.905098
1408 251.624936
1440 260.126811
1472 261.237250
1504 269.288007
1536 273.449307
1568 280.842973
1600 285.597662
1632 288.721809
1664 297.777124
1696 301.281556
1728 306.352042
1760 315.905384
1792 320.589090
1824 325.557452
1856 330.073162
1888 334.505833
1920 341.345835
1952 349.822774
1984 353.862150
2016 358.754502
2048 363.310752
2080 370.461670
2112 374.956261
2144 379.991556
2176 383.998899
2208 390.352787
2240 395.419249
2272 401.381330
2304 409.773556
2336 414.666659
2368 419.388371
2400 424.043719
2432 431.799518
2464 439.286156
2496 440.613829
2528 446.391281
2560 454.658809
2592 459.259192
2624 465.521613
2656 471.997835
2688 473.167073
2720 479.175669
2752 486.203800
2784 490.844574
2816 495.976749
2848 503.436171
2880 509.232705
2912 513.603052
2944 518.146075
2976 527.950084
3008 529.868228
3040 536.710161
3072 544.831300
3104 548.738169
3136 556.194127
3168 557.047938
3200 562.945325
3232 569.867131
3264 577.896478
3296 579.239685
3328 584.763081
3360 593.114289
3392 600.024320
3424 604.680575
3456 612.190573
3488 616.419283
3520 624.067160
3552 626.847401
3584 631.234479
3616 640.993282
3648 645.351242
3680 650.961407
3712 655.710591
3744 657.476926
3776 667.215793
3808 671.968464
3840 674.721808
3872 682.049019
3904 685.569017
3936 694.679348
3968 697.826891
4000 707.098583
4032 707.117160
4064 717.955711
4096 719.863205
4128 725.276851
4160 734.732513
4192 735.858521
4224 744.840423
4256 751.341796
4288 757.774709
4320 761.228899
4352 764.794669
4384 770.658172
4416 777.463671
4448 782.800296
4480 787.568390
4512 798.346348
4544 801.541716
4576 807.459292
4608 808.687940
4640 814.293839
4672 819.309583
4704 827.332076
4736 833.794664
4768 840.141587
4800 841.645178
4832 849.640624
4864 854.417716
4896 858.793011
4928 866.393343
4960 871.839897
4992 877.758017
5024 881.516013
5056 885.644041
5088 896.369217
5120 897.860107
5152 904.255394
5184 914.056328
5216 916.860316
5248 920.583065
5280 929.282147
5312 935.790250
5344 939.843924
5376 943.662382
5408 1669.856250
5440 10437.257216
5472 19006.647117
5504 22641.681122
5536 24038.086182
5568 24627.978547
5600 26457.385340
5632 27697.210195
5664 28287.028081
5696 29586.971618
5728 28443.685900
5760 29021.478523
5792 29612.661930
5824 31344.627052
5856 31175.991862
5888 31573.306370
5920 32379.822232
5952 33017.789382
5984 33667.764678
6016 33812.238927
6048 34474.284703
6080 35377.082000
