32 13.665183
64 14.154215
96 23.636983
128 25.613244
160 33.978442
192 39.586198
224 44.182284
256 48.806350
288 55.554524
320 59.835784
352 65.022731
384 70.640714
416 80.050571
448 85.746612
480 96.062003
512 100.296497
544 102.466374
576 106.394758
608 111.471681
640 116.484464
672 124.633132
704 129.794800
736 135.990816
768 140.967000
800 144.229047
832 150.767824
864 158.053303
896 163.174517
928 167.079101
960 171.294009
992 181.239533
1024 185.454500
1056 188.720517
1088 197.271129
1120 201.992097
1152 206.278048
1184 215.195988
1216 220.314174
1248 225.662717
1280 231.762482
1312 234.499202
1344 246.106245
1376 247.344401
1408 251.240722
1440 254.589199
1472 264.091194
1504 269.484901
1536 274.129528
1568 281.311684
1600 285.836235
1632 289.608816
1664 293.868235
1696 302.450402
1728 308.256049
1760 314.010247
1792 317.820918
1824 322.629436
1856 327.614230
1888 337.417927
1920 339.303788
1952 348.218346
1984 353.095004
2016 357.054325
2048 362.086741
2080 369.714187
2112 374.487983
2144 382.811213
2176 383.136933
2208 390.965084
2240 396.032420
2272 402.653431
2304 406.226615
2336 416.187264
2368 421.183924
2400 426.150451
2432 429.255844
2464 436.589632
2496 443.920790
2528 444.534767
2560 453.381783
2592 458.039755
2624 464.765893
2656 466.185975
2688 476.381296
2720 482.569526
2752 486.680593
2784 488.484797
2816 497.411125
2848 505.017300
2880 505.912510
2912 516.142833
2944 519.004239
2976 525.880530
3008 527.982883
3040 535.036697
3072 543.688891
3104 548.590316
3136 550.694864
3168 555.487025
3200 560.321747
3232 570.488159
3264 574.000531
3296 578.962413
3328 588.687037
3360 590.997594
3392 598.290161
3424 603.277935
3456 610.353790
3488 615.114703
3520 617.119320
3552 625.865256
3584 630.632481
3616 635.488863
3648 640.464266
3680 646.992752
3712 651.718883
3744 658.880295
3776 664.088143
3808 669.100024
3840 673.090866
3872 680.205945
3904 687.855870
3936 694.058678
3968 697.816388
4000 702.218465
4032 709.451374
4064 714.309049
4096 721.247630
4128 726.908477
4160 731.321875
4192 734.429115
4224 742.259532
4256 749.549281
4288 751.126712
4320 759.377133
4352 765.059600
4384 769.310504
4416 778.184956
4448 783.730329
4480 788.858349
4512 794.512006
4544 798.629666
4576 805.247336
4608 806.995864
4640 813.226219
4672 818.188576
4704 827.021012
4736 828.832102
4768 835.510925
4800 842.860654
4832 846.080491
4864 856.068982
4896 861.317455
4928 864.469233
4960 869.722100
4992 877.562437
5024 880.911050
5056 885.690285
5088 891.449423
5120 898.544210
5152 906.107354
5184 912.005010
5216 914.803718
5248 2190.585323
5280 1190.847172
5312 1747.390425
5344 1927.467258
5376 3984.136103
5408 11073.317342
5440 19271.449955
5472 19078.824045
5504 22401.065113
5536 24543.715632
5568 29852.030207
5600 28973.428062
5632 28361.009223
5664 28852.788671
5696 28082.361927
5728 28876.853215
5760 29406.493820
5792 29972.291130
5824 30513.843705
5856 32138.905012
5888 32788.917967
5920 32415.764685
5952 33029.656872
5984 33342.666937
6016 34943.542005
6048 34654.606383
6080 35557.389555
