32 10.404943
64 17.899980
96 21.113761
128 30.814998
160 30.600526
192 38.282256
224 42.875594
256 51.218994
288 54.340441
320 63.843532
352 65.693372
384 74.943234
416 78.485577
448 82.607815
480 90.913072
512 95.224142
544 99.836375
576 108.150001
608 111.122907
640 115.056160
672 122.299799
704 131.797503
736 136.647938
768 139.111895
800 147.934356
832 151.466695
864 155.072024
896 159.724132
928 169.775409
960 172.876966
992 177.546020
1024 187.729242
1056 192.358118
1088 196.332736
1120 201.587628
1152 204.785037
1184 210.644198
1216 219.020814
1248 225.756856
1280 232.260823
1312 237.150600
1344 241.530299
1376 245.784519
1408 249.675611
1440 259.690679
1472 264.704093
1504 269.601836
1536 274.258760
1568 282.042206
1600 283.235363
1632 290.765400
1664 296.533991
1696 301.422304
1728 305.879954
1760 313.796297
1792 317.972579
1824 322.720323
1856 327.398697
1888 333.855042
1920 338.687877
1952 344.920259
1984 354.962239
2016 360.014205
2048 361.959964
2080 371.154370
2112 376.128125
2144 382.059158
2176 386.000412
2208 391.533069
2240 399.289907
2272 403.630139
2304 408.077001
2336 413.723750
2368 417.726292
2400 427.929631
2432 431.174625
2464 436.006876
2496 440.823746
2528 449.471087
2560 451.218130
2592 458.470857
2624 466.905274
2656 471.029653
2688 472.543341
2720 480.672222
2752 485.999030
2784 494.789026
2816 498.318699
2848 502.544240
2880 506.167556
2912 517.142579
2944 521.699826
2976 526.257126
3008 532.781439
3040 535.090331
3072 543.454804
3104 548.021804
3136 555.420104
3168 561.657215
3200 566.460498
3232 573.323956
3264 577.981311
3296 579.602966
3328 588.756115
3360 592.455030
3392 595.474430
3424 605.329425
3456 610.805528
3488 611.934482
3520 619.359081
3552 623.860773
3584 628.969433
3616 634.258446
3648 642.182988
3680 647.286407
3712 655.485110
3744 660.177606
3776 663.057751
3808 669.526550
3840 679.122974
3872 678.895578
3904 687.054538
3936 691.312567
3968 696.339795
4000 707.287724
4032 711.649179
4064 713.391411
4096 723.632252
4128 727.519947
4160 734.013565
4192 738.890130
4224 743.488307
4256 749.350225
4288 755.072813
4320 756.989613
4352 766.045386
4384 770.771750
4416 775.542194
4448 780.562385
4480 790.781615
4512 796.876810
4544 798.041482
4576 803.164925
4608 812.173608
4640 813.255901
4672 821.752775
4704 826.830341
4736 834.897370
4768 834.950390
4800 844.566106
4832 848.267149
4864 853.334926
4896 862.556163
4928 863.441021
4960 873.248410
4992 879.393152
5024 884.274274
5056 890.256213
5088 892.641066
5120 897.703934
5152 904.974323
5184 908.200840
5216 914.932819
5248 920.040199
5280 929.805730
5312 930.392341
5344 1860.362365
5376 11627.893680
5408 20715.852408
5440 22376.969815
5472 22963.420745
5504 23725.113104
5536 27504.773288
5568 25133.511289
5600 25614.884000
5632 26228.836240
5664 26878.840380
5696 28431.633483
5728 28190.834843
5760 29743.663448
5792 29502.922077
5824 30118.530988
5856 31657.621613
5888 31380.726898
5920 32042.798995
5952 32633.315158
5984 34317.821088
6016 35015.974477
6048 34666.407275
6080 36087.958732
