32 11.887385
64 18.660965
96 21.984803
128 26.267800
160 36.346145
192 39.017348
224 47.781781
256 51.935039
288 53.272229
320 64.511639
352 69.715582
384 75.503347
416 75.653716
448 83.209641
480 91.500561
512 92.671038
544 100.693073
576 108.679097
608 112.015985
640 119.123004
672 122.847748
704 127.282898
736 132.311424
768 139.692420
800 143.264614
832 152.030791
864 155.751786
896 164.491654
928 170.111421
960 173.552441
992 178.417393
1024 183.063309
1056 193.166489
1088 197.757080
1120 202.099981
1152 205.236054
1184 214.570992
1216 219.392821
1248 226.194895
1280 227.582481
1312 237.748017
1344 242.028427
1376 246.720038
1408 250.864406
1440 261.596758
1472 265.196590
1504 269.586294
1536 274.414298
1568 281.918836
1600 286.661587
1632 291.475885
1664 293.649733
1696 301.975026
1728 304.845202
1760 310.886634
1792 318.284184
1824 323.179725
1856 329.635242
1888 334.689811
1920 338.983593
1952 345.443294
1984 350.325873
2016 360.464152
2048 362.270072
2080 371.953013
2112 376.637708
2144 382.448805
2176 386.781220
2208 391.400998
2240 399.436142
2272 404.291558
2304 408.602904
2336 414.042508
2368 418.866689
2400 423.337408
2432 431.818585
2464 436.646983
2496 441.283068
2528 445.153389
2560 455.365241
2592 455.982721
2624 461.954363
2656 471.818816
2688 473.315214
2720 481.305793
2752 486.258355
2784 489.525685
2816 496.792092
2848 503.648726
2880 508.302174
2912 512.747405
2944 522.730379
2976 527.217188
3008 530.998955
3040 535.862037
3072 544.106602
3104 549.014015
3136 556.085326
3168 557.295822
3200 567.523844
3232 568.935624
3264 573.663268
3296 583.396299
3328 589.306626
3360 593.736473
3392 598.291729
3424 605.791862
3456 611.043196
3488 616.106564
3520 620.665181
3552 624.488252
3584 634.727224
3616 635.837745
3648 643.008185
3680 646.468334
3712 651.664859
3744 660.862261
3776 665.675117
3808 670.469360
3840 675.091512
3872 683.761898
3904 687.952899
3936 692.514956
3968 697.774387
4000 702.606971
4032 707.635705
4064 714.041097
4096 718.978858
4128 728.446481
4160 734.961524
4192 740.079246
4224 741.372510
4256 750.575345
4288 755.447833
4320 757.747711
4352 766.817414
4384 771.642242
4416 776.882034
4448 781.748454
4480 785.520719
4512 796.605638
4544 799.072026
4576 803.834766
4608 808.870569
4640 818.368581
4672 823.679083
4704 827.610502
4736 831.523933
4768 836.720122
4800 845.880728
4832 849.313047
4864 855.344285
4896 858.448035
4928 868.812724
4960 873.117823
4992 875.604975
5024 885.787942
5056 891.605187
5088 894.168966
5120 898.978246
5152 906.258447
5184 911.527140
5216 916.222761
5248 921.060393
5280 930.558269
5312 935.469744
5344 1913.940497
5376 10449.675299
5408 17009.126178
5440 21919.538740
5472 22991.768482
5504 24748.542753
5536 26289.051995
5568 26180.695580
5600 25855.650887
5632 26913.577123
5664 27155.676310
5696 27902.136825
5728 29647.372233
5760 29587.131982
5792 29743.705745
5824 30321.140473
5856 31103.852462
5888 31658.654690
5920 32186.698375
5952 32873.372332
5984 33414.709015
6016 34101.130220
6048 34606.666328
6080 35256.657850
