32 9.514297
64 16.628963
96 24.422805
128 29.434029
160 34.341633
192 42.172075
224 42.410257
256 49.860679
288 57.580737
320 59.055885
352 67.356141
384 70.094754
416 77.063514
448 81.261114
480 89.801843
512 93.843872
544 98.663690
576 106.704480
608 110.088712
640 117.101212
672 120.830774
704 130.400101
736 135.236009
768 137.745638
800 146.400624
832 148.277420
864 153.791421
896 163.312530
928 167.913258
960 171.318148
992 181.232499
1024 186.642679
1056 191.283271
1088 196.276917
1120 200.589986
1152 208.703404
1184 212.621152
1216 216.493934
1248 224.616093
1280 231.132805
1312 236.092434
1344 240.264044
1376 244.788614
1408 253.408563
1440 258.447627
1472 263.785646
1504 268.059107
1536 272.918451
1568 277.362759
1600 285.556083
1632 289.673167
1664 295.647586
1696 300.789683
1728 308.902827
1760 312.235962
1792 321.801299
1824 326.754929
1856 333.257754
1888 337.490973
1920 342.322133
1952 349.053685
1984 351.003838
2016 358.786457
2048 365.962024
2080 366.703337
2112 376.646650
2144 380.801153
2176 385.251334
2208 390.261499
2240 397.983789
2272 401.209486
2304 407.703825
2336 417.334338
2368 417.037942
2400 427.387834
2432 430.270395
2464 435.377128
2496 444.591876
2528 448.975318
2560 453.458981
2592 456.332020
2624 465.246549
2656 470.136508
2688 475.107459
2720 480.193416
2752 489.868682
2784 494.339427
2816 499.710230
2848 502.602116
2880 507.263803
2912 516.183716
2944 521.694281
2976 525.161637
3008 529.731800
3040 539.578365
3072 542.421021
3104 547.516579
3136 552.578338
3168 557.407737
3200 565.912465
3232 572.615475
3264 577.594614
3296 582.097712
3328 584.742507
3360 592.026573
3392 596.870981
3424 604.855991
3456 609.844709
3488 615.219177
3520 624.082326
3552 628.436850
3584 633.431603
3616 636.876193
3648 641.493562
3680 651.775401
3712 651.387186
3744 659.279010
3776 664.071877
3808 669.517391
3840 678.764277
3872 681.843003
3904 687.089067
3936 690.831011
3968 701.179228
4000 702.641134
4032 711.646872
4064 718.087101
4096 719.096727
4128 727.057485
4160 729.965432
4192 738.149284
4224 743.418548
4256 748.976750
4288 753.951428
4320 763.744030
4352 764.165562
4384 770.136718
4416 775.584936
4448 785.272511
4480 790.144565
4512 795.050403
4544 797.685107
4576 807.597291
4608 812.370363
4640 816.635804
4672 819.818276
4704 826.200149
4736 834.622100
4768 840.061590
4800 841.399955
4832 847.515831
4864 853.047242
4896 858.781877
4928 866.475644
4960 870.076475
4992 878.798405
5024 883.885281
5056 889.565634
5088 897.266883
5120 902.433088
5152 904.582876
5184 909.885285
5216 914.490155
5248 924.301926
5280 928.818172
5312 933.735216
5344 1841.143723
5376 9598.091605
5408 16189.895400
5440 18437.029828
5472 23304.957540
5504 23760.561885
5536 24243.258280
5568 24832.520380
5600 25470.548460
5632 26105.665427
5664 28684.445295
5696 27635.394242
5728 28226.981180
5760 28852.966882
5792 30766.810348
5824 30333.484252
5856 30827.002328
5888 31525.123833
5920 34269.628865
5952 32704.843193
5984 33306.600387
6016 33932.576940
6048 34570.544582
6080 35244.678090
