  1 12484.085714
  2 371.422500
  3 88.260714
  4 1.547500
  5 1.355000
  6 332.782500
  7 1.560000
  8 1.345000
  9 1.360000
 10 1.400000
 11 1.452500
 12 1.307500
 13 1.300000
 14 733.205000
 15 1.597500
 16 1.285000
 17 1.325000
 18 1.385000
 19 1.315000
 20 1.265000
 21 1.295000
 22 1.272500
 23 1.317500
 24 1.272500
 25 1.317500
 26 1.277500
 27 1.255000
 28 1.330000
 29 1.342500
 30 2146.530000
 31 1.610000
 32 1.302500
 33 1.370000
 34 1.312500
 35 1.345000
 36 1.415000
 37 1.362500
 38 1.352500
 39 1.325000
 40 1.347500
 41 1.347500
 42 1.340000
 43 1.332500
 44 1.330000
 45 1.355000
 46 1.315000
 47 1.320000
 48 1.307500
 49 1.330000
 50 1.307500
 51 1.285000
 52 1.317500
 53 1.310000
 54 1.302500
 55 1.327500
 56 1.302500
 57 1.287500
 58 1.307500
 59 1.295000
 60 1.287500
 61 1.320000
 62 2059.822500
 63 1.585000
 64 1.367500
 65 1.322500
 66 1.335000
 67 1.347500
 68 1.317500
 69 1.350000
 70 1.335000
 71 1.332500
 72 1.275000
 73 1.282500
 74 1.262500
 75 1.260000
 76 1.265000
 77 1.317500
 78 1.265000
 79 1.307500
 80 1.307500
 81 1.260000
 82 1.300000
 83 1.277500
 84 1.287500
 85 1.285000
 86 1.260000
 87 1.280000
 88 1.287500
 89 1.260000
 90 1.340000
 91 1.300000
 92 1.295000
 93 1.272500
 94 3368.265000
 95 1.907500
 96 1.460000
 97 1.337500
 98 1.320000
 99 1.332500
100 1.337500
101 1.335000
102 1.315000
103 1.297500
104 1.310000
105 1.340000
106 1.295000
107 1.282500
108 1.285000
109 1.340000
110 1.335000
111 1.330000
112 1.345000
113 1.287500
114 1.280000
115 1.327500
116 1.320000
117 1.280000
118 1.312500
119 1.302500
120 1.272500
121 1.305000
122 1.265000
123 1.305000
124 1.302500
125 1.322500
126 2014.280000
127 1.647500
128 1.377500
129 1.407500
130 1.340000
131 1.315000
132 1.325000
133 1.375000
134 1.315000
135 1.297500
136 1.305000
137 1.320000
138 1.367500
139 1.367500
140 1.360000
141 1.362500
142 1.355000
143 1.287500
144 1.282500
145 1.320000
146 1.360000
147 1.312500
148 1.325000
149 1.337500
150 1.282500
151 1.340000
152 1.305000
153 1.307500
154 1.282500
155 1.320000
156 1.320000
157 1.287500
158 2687.235000
159 1.797500
160 1.347500
161 1.385000
162 3.167500
163 1.342500
164 1.327500
165 1.367500
166 1.322500
167 1.315000
168 1.332500
169 1.287500
170 1.310000
171 1.312500
172 1.300000
173 1.272500
174 1.345000
175 1.287500
176 1.380000
177 1.337500
178 1.325000
179 1.277500
180 1.325000
181 1.307500
182 1.280000
183 1.277500
184 1.290000
185 1.292500
186 1.287500
187 1.290000
188 1.280000
189 1.270000
190 51.430000
191 1.625000
192 1.342500
193 1507.920000
194 1.700000
195 1.285000
196 1.330000
197 1.332500
198 1.337500
199 1.342500
200 1.280000
