  1 214.570714
  2 283.460357
  3 82.813929
  4 1.796786
  5 1.626429
  6 251.243571
  7 1.853571
  8 1.667143
  9 1.573929
 10 1.626429
 11 1.650000
 12 1.573929
 13 1.577143
 14 384.129643
 15 1.992857
 16 1.599643
 17 1.620000
 18 1.636071
 19 1.663929
 20 1.577143
 21 1.585714
 22 1.569643
 23 1.669286
 24 1.656429
 25 1.613571
 26 1.613571
 27 1.659643
 28 1.612500
 29 1.653214
 30 598.863214
 31 2.036786
 32 1.612500
 33 1.602857
 34 1.632857
 35 1.653214
 36 1.586786
 37 1.533214
 38 1.640357
 39 1.673571
 40 1.553571
 41 1.596429
 42 1.609286
 43 1.573929
 44 1.579286
 45 1.563214
 46 1.564286
 47 1.573929
 48 1.560000
 49 1.593214
 50 1.566429
 51 1.627500
 52 1.593214
 53 1.616786
 54 1.563214
 55 1.616786
 56 1.576071
 57 1.572857
 58 1.569643
 59 1.516071
 60 1.577143
 61 1.542857
 62 534.603214
 63 1.943571
 64 1.620000
 65 1.577143
 66 1.600714
 67 1.689643
 68 1.586786
 69 1.683214
 70 1.586786
 71 1.590000
 72 1.563214
 73 1.517143
 74 1.573929
 75 1.586786
 76 1.543929
 77 1.567500
 78 1.533214
 79 1.536429
 80 1.533214
 81 1.533214
 82 1.566429
 83 1.523571
 84 1.563214
 85 1.546071
 86 1.590000
 87 1.550357
 88 1.624286
 89 1.517143
 90 1.583571
 91 1.533214
 92 1.566429
 93 1.597500
 94 545.447143
 95 1.883571
 96 1.566429
 97 1.596429
 98 1.596429
 99 1.612500
100 1.569643
101 1.599643
102 1.577143
103 1.536429
104 1.566429
105 1.543929
106 1.573929
107 1.582500
108 1.580357
109 1.590000
110 1.542857
111 1.509643
112 1.476429
113 1.520357
114 1.593214
115 1.547143
116 1.553571
117 1.577143
118 1.526786
119 1.590000
120 1.530000
121 1.607143
122 1.576071
123 1.567500
124 1.602857
125 1.533214
126 521.106429
127 1.940357
128 1.599643
129 1.585714
130 1.663929
131 1.636071
132 1.560000
133 1.593214
134 1.626429
135 1.583571
136 1.539643
137 1.519286
138 1.596429
139 1.543929
140 1.572857
141 1.556786
142 1.553571
143 1.579286
144 1.533214
145 1.563214
146 1.530000
147 1.526786
148 1.503214
149 1.570714
150 1.549286
151 1.560000
152 1.613571
153 1.526786
154 1.543929
155 1.539643
156 1.513929
157 1.563214
158 535.343571
159 1.983214
160 1.636071
161 1.593214
162 1.613571
163 1.616786
164 1.736786
165 1.596429
166 1.606071
167 1.594286
168 1.579286
169 1.623214
170 1.579286
171 1.593214
172 3.823929
173 1.566429
174 1.583571
175 1.496786
176 1.490357
177 1.493571
178 1.560000
179 1.536429
180 1.543929
181 1.573929
182 1.479643
183 1.519286
184 1.603929
185 1.570714
186 1.579286
187 1.550357
188 2.143929
189 1.560000
190 105.276429
191 1.806429
192 1.636071
193 502.316786
194 1.916786
195 1.566429
196 1.603929
197 1.633929
198 1.632857
199 1.572857
200 1.563214
