  1 180.334286
  2 236.728929
  3 76.557857
  4 0.668571
  5 0.580714
  6 262.752857
  7 1.817143
  8 1.599643
  9 1.580357
 10 1.566429
 11 0.575357
 12 0.567857
 13 0.600000
 14 394.275000
 15 1.970357
 16 1.606071
 17 1.740000
 18 1.599643
 19 1.616786
 20 1.610357
 21 1.596429
 22 1.566429
 23 1.523571
 24 1.746429
 25 1.576071
 26 1.603929
 27 0.642857
 28 0.575357
 29 0.591429
 30 724.081071
 31 1.993929
 32 1.613571
 33 1.610357
 34 1.536429
 35 1.602857
 36 1.599643
 37 1.553571
 38 1.550357
 39 1.610357
 40 1.539643
 41 1.520357
 42 1.566429
 43 1.496786
 44 1.489286
 45 1.550357
 46 1.560000
 47 1.477500
 48 1.493571
 49 1.547143
 50 1.573929
 51 1.530000
 52 1.463571
 53 1.610357
 54 1.586786
 55 1.566429
 56 1.552500
 57 1.509643
 58 1.583571
 59 1.504286
 60 1.646786
 61 1.519286
 62 548.083929
 63 1.879286
 64 1.602857
 65 1.566429
 66 1.563214
 67 1.546071
 68 1.570714
 69 1.526786
 70 1.616786
 71 1.570714
 72 1.480714
 73 1.573929
 74 1.526786
 75 1.523571
 76 1.607143
 77 1.579286
 78 1.560000
 79 1.523571
 80 1.550357
 81 1.542857
 82 1.520357
 83 1.567500
 84 1.700357
 85 1.593214
 86 1.536429
 87 1.536429
 88 1.519286
 89 1.553571
 90 1.476429
 91 1.572857
 92 1.576071
 93 1.560000
 94 538.163571
 95 1.913571
 96 1.616786
 97 1.569643
 98 1.542857
 99 1.686429
100 1.656429
101 1.579286
102 1.567500
103 1.610357
104 1.582500
105 1.586786
106 1.534286
107 1.520357
108 1.610357
109 1.567500
110 1.560000
111 1.533214
112 1.473214
113 1.512857
114 1.573929
115 1.530000
116 1.509643
117 1.563214
118 1.590000
119 1.543929
120 1.533214
121 1.586786
122 1.530000
123 1.520357
124 1.546071
125 1.583571
126 512.333571
127 1.860000
128 1.680000
129 1.586786
130 1.590000
131 1.536429
132 1.616786
133 1.590000
134 1.556786
135 1.577143
136 1.542857
137 1.533214
138 1.542857
139 1.517143
140 1.523571
141 1.553571
142 1.564286
143 1.542857
144 1.542857
145 1.534286
146 1.530000
147 1.546071
148 1.546071
149 1.530000
150 1.626429
151 1.680000
152 1.659643
153 1.572857
154 1.596429
155 1.576071
156 1.580357
157 1.547143
158 513.073929
159 1.836429
160 1.585714
161 1.610357
162 1.577143
163 1.623214
164 1.602857
165 1.566429
166 1.539643
167 1.549286
168 1.530000
169 1.496786
170 1.553571
171 1.523571
172 1.536429
173 1.530000
174 1.546071
175 1.659643
176 1.542857
177 1.560000
178 1.680000
179 1.533214
180 1.516071
181 79.816071
182 1.903929
183 1.646786
184 1.613571
185 1.607143
186 1.572857
187 1.613571
188 1.583571
189 1.607143
190 61.277143
191 1.746429
192 1.569643
193 515.960357
194 1.886786
195 1.672500
196 1.597500
197 1.569643
198 1.603929
199 1.583571
200 1.530000
