  1 222.503571
  2 274.100357
  3 81.363214
  4 1.722857
  5 1.680000
  6 248.027143
  7 1.890000
  8 1.610357
  9 1.552500
 10 1.593214
 11 1.566429
 12 1.569643
 13 1.530000
 14 386.003571
 15 1.886786
 16 1.686429
 17 1.569643
 18 1.586786
 19 1.496786
 20 1.566429
 21 1.606071
 22 1.632857
 23 1.546071
 24 1.683214
 25 1.580357
 26 1.586786
 27 1.706786
 28 1.576071
 29 1.646786
 30 615.790714
 31 1.942500
 32 1.650000
 33 1.727143
 34 1.626429
 35 1.607143
 36 1.583571
 37 1.590000
 38 1.519286
 39 1.676786
 40 1.553571
 41 1.616786
 42 1.602857
 43 1.680000
 44 1.623214
 45 1.594286
 46 1.616786
 47 1.583571
 48 1.576071
 49 1.560000
 50 1.530000
 51 1.553571
 52 1.503214
 53 1.620000
 54 1.539643
 55 1.490357
 56 1.563214
 57 1.517143
 58 1.552500
 59 1.580357
 60 1.540714
 61 1.569643
 62 530.193214
 63 1.839643
 64 1.636071
 65 1.612500
 66 1.706786
 67 1.577143
 68 1.629643
 69 1.637143
 70 1.632857
 71 1.582500
 72 1.629643
 73 1.600714
 74 1.550357
 75 1.640357
 76 1.566429
 77 1.546071
 78 1.572857
 79 1.572857
 80 1.540714
 81 1.610357
 82 1.560000
 83 1.576071
 84 1.620000
 85 1.550357
 86 1.623214
 87 1.540714
 88 1.683214
 89 1.572857
 90 1.547143
 91 1.596429
 92 1.585714
 93 1.526786
 94 535.182857
 95 1.846071
 96 1.610357
 97 1.666071
 98 1.616786
 99 1.550357
100 1.586786
101 1.570714
102 1.713214
103 1.602857
104 1.590000
105 1.607143
106 1.602857
107 1.579286
108 1.550357
109 1.632857
110 1.560000
111 1.547143
112 1.576071
113 1.510714
114 1.570714
115 1.523571
116 1.553571
117 1.556786
118 1.620000
119 1.530000
120 1.569643
121 1.533214
122 1.526786
123 1.539643
124 1.509643
125 1.553571
126 586.896429
127 1.913571
128 1.690714
129 1.656429
130 1.593214
131 1.580357
132 1.566429
133 1.546071
134 1.563214
135 1.550357
136 1.593214
137 1.487143
138 1.553571
139 1.542857
140 1.506429
141 1.483929
142 1.553571
143 1.539643
144 1.543929
145 1.547143
146 1.556786
147 1.533214
148 1.522500
149 1.547143
150 1.533214
151 1.510714
152 1.509643
153 1.520357
154 1.530000
155 1.650000
156 1.543929
157 1.616786
158 508.487143
159 1.926429
160 1.623214
161 1.616786
162 1.636071
163 1.580357
164 1.743214
165 1.607143
166 1.572857
167 1.566429
168 1.517143
169 1.487143
170 1.523571
171 1.493571
172 1.520357
173 1.526786
174 1.496786
175 1.596429
176 1.489286
177 1.507500
178 1.509643
179 1.572857
180 1.519286
181 79.359643
182 1.819286
183 1.602857
184 1.606071
185 1.580357
186 1.550357
187 1.623214
188 1.637143
189 1.540714
190 60.402857
191 1.787143
192 1.602857
193 519.633214
194 1.973571
195 3.800357
196 1.627500
197 1.702500
198 1.590000
199 1.580357
200 1.567500
