  1 220.779643
  2 226.233214
  3 77.663571
  4 1.773214
  5 1.599643
  6 287.554286
  7 2.163214
  8 1.607143
  9 1.550357
 10 1.577143
 11 1.585714
 12 1.643571
 13 1.550357
 14 352.179643
 15 2.079643
 16 1.593214
 17 1.590000
 18 1.586786
 19 1.599643
 20 1.662857
 21 1.563214
 22 1.586786
 23 1.513929
 24 1.657500
 25 1.577143
 26 1.593214
 27 1.667143
 28 1.596429
 29 1.586786
 30 594.073929
 31 2.019643
 32 1.646786
 33 1.676786
 34 1.583571
 35 1.536429
 36 1.586786
 37 1.555714
 38 1.567500
 39 1.449643
 40 1.549286
 41 1.566429
 42 1.495714
 43 1.560000
 44 1.572857
 45 1.623214
 46 1.566429
 47 1.519286
 48 1.550357
 49 1.500000
 50 1.560000
 51 1.539643
 52 1.603929
 53 1.560000
 54 1.512857
 55 1.463571
 56 1.553571
 57 1.513929
 58 1.543929
 59 1.569643
 60 1.552500
 61 1.553571
 62 532.885714
 63 1.959643
 64 1.590000
 65 1.600714
 66 1.659643
 67 1.640357
 68 1.593214
 69 1.599643
 70 1.610357
 71 1.550357
 72 1.530000
 73 1.536429
 74 1.547143
 75 1.580357
 76 1.547143
 77 1.567500
 78 1.546071
 79 1.519286
 80 1.596429
 81 1.537500
 82 1.546071
 83 1.483929
 84 1.542857
 85 1.530000
 86 1.534286
 87 1.522500
 88 1.520357
 89 1.540714
 90 1.530000
 91 1.543929
 92 1.566429
 93 1.547143
 94 504.913929
 95 1.910357
 96 1.620000
 97 1.602857
 98 1.600714
 99 1.643571
100 1.586786
101 1.663929
102 1.613571
103 1.629643
104 1.553571
105 1.560000
106 1.629643
107 1.556786
108 1.533214
109 1.560000
110 1.572857
111 1.586786
112 1.556786
113 1.533214
114 1.590000
115 1.539643
116 1.500000
117 1.637143
118 1.553571
119 1.496786
120 1.466786
121 1.513929
122 1.553571
123 1.540714
124 1.504286
125 1.556786
126 510.609643
127 1.936071
128 1.613571
129 1.627500
130 1.662857
131 1.573929
132 1.597500
133 1.624286
134 1.546071
135 1.586786
136 1.573929
137 1.593214
138 1.580357
139 1.553571
140 1.566429
141 1.523571
142 1.556786
143 1.556786
144 1.530000
145 1.599643
146 1.560000
147 1.500000
148 1.530000
149 1.590000
150 1.536429
151 1.542857
152 1.540714
153 1.517143
154 1.536429
155 1.580357
156 1.500000
157 1.509643
158 544.546071
159 2.109643
160 1.569643
161 1.582500
162 1.560000
163 1.620000
164 1.610357
165 1.556786
166 1.533214
167 1.506429
168 1.680000
169 136.343571
170 2.027143
171 1.585714
172 1.609286
173 1.599643
174 1.590000
175 1.583571
176 1.583571
177 1.632857
178 1.577143
179 1.556786
180 1.539643
181 1.613571
182 1.530000
183 1.547143
184 1.530000
185 1.493571
186 1.549286
187 1.520357
188 1.533214
189 1.620000
190 59.499643
191 1.822500
192 1.552500
193 481.520357
194 1.866429
195 1.680000
196 1.580357
197 1.609286
198 1.576071
199 1.616786
200 1.547143
