  1 223.572857
  2 269.167500
  3 81.603214
  4 1.806429
  5 1.656429
  6 248.910000
  7 1.896429
  8 1.616786
  9 1.597500
 10 1.576071
 11 1.576071
 12 1.612500
 13 1.572857
 14 372.337500
 15 2.120357
 16 1.676786
 17 1.550357
 18 1.596429
 19 1.623214
 20 1.530000
 21 1.543929
 22 3.846429
 23 1.623214
 24 1.599643
 25 1.566429
 26 1.613571
 27 1.553571
 28 1.586786
 29 1.563214
 30 590.276786
 31 1.942500
 32 1.610357
 33 1.629643
 34 1.607143
 35 1.616786
 36 1.606071
 37 1.569643
 38 1.613571
 39 1.549286
 40 1.580357
 41 1.643571
 42 1.556786
 43 1.540714
 44 1.560000
 45 1.579286
 46 1.570714
 47 1.556786
 48 1.606071
 49 1.563214
 50 1.526786
 51 1.556786
 52 1.602857
 53 1.623214
 54 1.539643
 55 1.533214
 56 1.530000
 57 1.586786
 58 1.549286
 59 1.540714
 60 1.572857
 61 1.533214
 62 539.666786
 63 2.013214
 64 1.600714
 65 1.637143
 66 1.650000
 67 1.717500
 68 1.613571
 69 1.606071
 70 1.573929
 71 1.639286
 72 1.512857
 73 1.606071
 74 1.547143
 75 1.539643
 76 1.623214
 77 1.533214
 78 1.596429
 79 1.550357
 80 1.526786
 81 1.556786
 82 1.546071
 83 1.560000
 84 1.519286
 85 1.556786
 86 1.603929
 87 1.576071
 88 1.572857
 89 1.540714
 90 1.607143
 91 1.569643
 92 1.636071
 93 1.572857
 94 332.807143
 95 1.953214
 96 3.797143
 97 1.646786
 98 1.632857
 99 1.590000
100 1.660714
101 1.597500
102 1.596429
103 1.572857
104 1.553571
105 1.599643
106 1.563214
107 1.586786
108 1.537500
109 1.710000
110 1.586786
111 1.520357
112 1.536429
113 1.536429
114 1.543929
115 229.350000
116 1.826786
117 1.629643
118 1.602857
119 1.686429
120 1.612500
121 1.553571
122 1.610357
123 1.684286
124 1.610357
125 1.616786
126 592.523571
127 1.932857
128 1.706786
129 1.593214
130 1.593214
131 1.680000
132 1.623214
133 1.586786
134 1.570714
135 1.620000
136 1.616786
137 1.616786
138 1.553571
139 1.560000
140 1.583571
141 1.567500
142 1.626429
143 1.560000
144 1.530000
145 1.476429
146 1.560000
147 1.540714
148 1.550357
149 1.560000
150 1.496786
151 1.620000
152 1.553571
153 1.556786
154 1.607143
155 1.593214
156 1.583571
157 1.553571
158 550.986429
159 1.902857
160 1.596429
161 1.620000
162 1.673571
163 1.607143
164 1.624286
165 1.637143
166 1.582500
167 1.570714
168 1.536429
169 1.536429
170 1.547143
171 1.523571
172 1.553571
173 1.487143
174 1.520357
175 1.580357
176 1.513929
177 1.572857
178 1.553571
179 1.506429
180 1.490357
181 1.590000
182 1.517143
183 1.590000
184 1.553571
185 1.550357
186 1.550357
187 1.509643
188 1.496786
189 1.493571
190 555.980357
191 1.899643
192 3.806786
193 1.653214
194 1.586786
195 1.636071
196 1.543929
197 1.543929
198 1.490357
199 1.482857
200 1.526786
