  1 197.327143
  2 272.122500
  3 81.543214
  4 1.717500
  5 1.697143
  6 279.803571
  7 1.906071
  8 1.640357
  9 1.620000
 10 1.609286
 11 1.569643
 12 1.599643
 13 1.602857
 14 346.800000
 15 1.877143
 16 0.579643
 17 0.585000
 18 0.581786
 19 0.575357
 20 0.582857
 21 0.592500
 22 0.587143
 23 0.568929
 24 0.571071
 25 0.596786
 26 0.579643
 27 0.623571
 28 0.579643
 29 0.581786
 30 633.232500
 31 1.986429
 32 1.569643
 33 1.602857
 34 1.639286
 35 1.569643
 36 0.547500
 37 0.574286
 38 0.611786
 39 0.586071
 40 0.580714
 41 0.561429
 42 0.558214
 43 0.561429
 44 0.583929
 45 0.570000
 46 0.559286
 47 0.578571
 48 0.559286
 49 0.557143
 50 0.556071
 51 0.575357
 52 0.564643
 53 0.596786
 54 0.576429
 55 0.562500
 56 0.590357
 57 0.572143
 58 0.557143
 59 0.580714
 60 0.592500
 61 0.582857
 62 624.333214
 63 1.236429
 64 1.075714
 65 1.043571
 66 1.013571
 67 1.020000
 68 1.056429
 69 0.996429
 70 1.013571
 71 1.009286
 72 0.979286
 73 1.015714
 74 0.962143
 75 1.007143
 76 1.032857
 77 0.979286
 78 1.017857
 79 0.996429
 80 0.979286
 81 1.009286
 82 1.013571
 83 1.020000
 84 1.050000
 85 1.024286
 86 0.998571
 87 1.007143
 88 1.005000
 89 1.043571
 90 0.979286
 91 0.972857
 92 1.011429
 93 1.005000
 94 587.957143
 95 1.210714
 96 1.032857
 97 1.032857
 98 1.020000
 99 1.037143
100 1.060714
101 1.030714
102 1.009286
103 0.998571
104 0.990000
105 0.994286
106 0.983571
107 1.026429
108 1.026429
109 0.972857
110 1.000714
111 0.985714
112 0.975000
113 1.000714
114 0.992143
115 1.011429
116 1.037143
117 1.011429
118 1.013571
119 1.011429
120 0.996429
121 0.992143
122 1.047857
123 1.015714
124 0.983571
125 0.983571
126 602.685000
127 1.245000
128 1.050000
129 1.041429
130 1.043571
131 1.043571
132 1.015714
133 1.028571
134 1.017857
135 0.998571
136 1.028571
137 0.996429
138 0.994286
139 1.045714
140 0.992143
141 0.983571
142 0.998571
143 0.985714
144 0.985714
145 1.011429
146 1.009286
147 0.987857
148 0.983571
149 1.007143
150 1.035000
151 1.005000
152 1.026429
153 1.024286
154 0.996429
155 0.987857
156 1.009286
157 0.996429
158 585.334286
159 1.253571
160 1.045714
161 1.032857
162 1.041429
163 1.022143
164 1.041429
165 1.043571
166 1.017857
167 1.030714
168 1.022143
169 1.007143
170 1.024286
171 1.041429
172 1.026429
173 1.028571
174 0.996429
175 1.032857
176 1.077857
177 1.007143
178 0.981429
179 1.017857
180 0.968571
181 1.007143
182 0.975000
183 1.028571
184 1.035000
185 0.972857
186 0.970714
187 0.998571
188 0.987857
189 0.957857
190 110.637857
191 1.144286
192 1.017857
193 558.096429
194 1.195714
195 1.043571
196 1.073571
197 1.037143
198 1.024286
199 1.009286
200 0.983571
