  1 218.796429
  2 270.939643
  3 81.750000
  4 1.796786
  5 1.590000
  6 428.700000
  7 1.913571
  8 1.583571
  9 1.593214
 10 1.760357
 11 1.563214
 12 1.616786
 13 1.629643
 14 361.440000
 15 1.943571
 16 1.716429
 17 1.624286
 18 1.696071
 19 3.843214
 20 1.680000
 21 1.620000
 22 1.603929
 23 1.533214
 24 1.599643
 25 1.543929
 26 1.593214
 27 1.643571
 28 1.602857
 29 1.663929
 30 594.720000
 31 1.956429
 32 1.653214
 33 1.683214
 34 1.667143
 35 1.560000
 36 1.583571
 37 1.583571
 38 1.673571
 39 1.530000
 40 1.556786
 41 1.543929
 42 1.479643
 43 1.526786
 44 1.556786
 45 1.542857
 46 1.602857
 47 1.583571
 48 1.520357
 49 1.566429
 50 1.580357
 51 1.519286
 52 1.563214
 53 1.573929
 54 1.536429
 55 1.517143
 56 1.519286
 57 1.473214
 58 1.513929
 59 1.493571
 60 1.500000
 61 1.509643
 62 541.593214
 63 1.937143
 64 1.690714
 65 1.583571
 66 1.590000
 67 1.560000
 68 1.593214
 69 1.496786
 70 1.572857
 71 1.520357
 72 1.560000
 73 1.519286
 74 1.552500
 75 1.573929
 76 1.536429
 77 1.533214
 78 1.543929
 79 1.549286
 80 1.566429
 81 1.583571
 82 1.542857
 83 1.560000
 84 1.512857
 85 1.520357
 86 1.563214
 87 1.577143
 88 1.653214
 89 1.533214
 90 1.530000
 91 1.500000
 92 1.543929
 93 1.556786
 94 332.666786
 95 1.932857
 96 1.593214
 97 1.599643
 98 1.536429
 99 1.577143
100 1.572857
101 1.530000
102 1.539643
103 1.552500
104 1.550357
105 1.512857
106 1.640357
107 1.480714
108 1.566429
109 1.537500
110 1.522500
111 1.530000
112 1.490357
113 1.540714
114 1.496786
115 231.565714
116 1.842857
117 1.609286
118 1.626429
119 1.570714
120 1.572857
121 1.596429
122 1.583571
123 1.566429
124 1.600714
125 1.512857
126 593.537143
127 1.902857
128 1.620000
129 1.582500
130 1.539643
131 1.656429
132 1.590000
133 1.520357
134 1.503214
135 1.583571
136 1.533214
137 1.466786
138 1.556786
139 1.520357
140 1.569643
141 1.530000
142 1.616786
143 1.566429
144 1.519286
145 1.576071
146 1.583571
147 1.569643
148 1.537500
149 1.546071
150 1.542857
151 1.550357
152 1.553571
153 1.585714
154 1.546071
155 1.512857
156 1.536429
157 1.533214
158 512.440714
159 1.877143
160 1.577143
161 1.566429
162 1.550357
163 1.603929
164 1.573929
165 1.576071
166 1.643571
167 1.583571
168 1.580357
169 122.546786
170 1.676786
171 1.687500
172 1.624286
173 1.602857
174 1.546071
175 1.556786
176 1.553571
177 1.613571
178 1.582500
179 1.603929
180 1.553571
181 1.567500
182 1.533214
183 1.564286
184 1.465714
185 1.586786
186 1.547143
187 1.550357
188 1.512857
189 1.582500
190 414.426429
191 1.909286
192 1.626429
193 1.636071
194 1.620000
195 1.650000
196 1.549286
197 1.653214
198 1.585714
199 1.540714
200 1.593214
