  1 211.525357
  2 253.731786
  3 83.164286
  4 1.632143
  5 1.446429
  6 280.041429
  7 1.776429
  8 1.440000
  9 1.517857
 10 1.476429
 11 1.425000
 12 1.415714
 13 1.422143
 14 384.222143
 15 1.682857
 16 1.449286
 17 1.490714
 18 1.467143
 19 1.415714
 20 1.425000
 21 1.517857
 22 1.455000
 23 1.380000
 24 1.433571
 25 1.470000
 26 1.445714
 27 1.440000
 28 1.488571
 29 1.434286
 30 722.718571
 31 1.865714
 32 1.452143
 33 1.434286
 34 1.437143
 35 1.455000
 36 1.437143
 37 1.422143
 38 1.431429
 39 1.415714
 40 1.452143
 41 1.388571
 42 1.359286
 43 1.397857
 44 1.419286
 45 1.430714
 46 1.380000
 47 1.389286
 48 1.380000
 49 1.455000
 50 1.437143
 51 1.437143
 52 1.431429
 53 1.425000
 54 1.457857
 55 1.437143
 56 1.445714
 57 1.392143
 58 1.389286
 59 1.434286
 60 1.367857
 61 1.380000
 62 543.350714
 63 1.767143
 64 1.460714
 65 1.427857
 66 1.430714
 67 1.452143
 68 1.457857
 69 1.475714
 70 1.464286
 71 1.436429
 72 1.425000
 73 1.392143
 74 1.445714
 75 1.380000
 76 1.427857
 77 1.386429
 78 1.415714
 79 1.395000
 80 1.455000
 81 1.419286
 82 1.392143
 83 1.386429
 84 1.455000
 85 1.463571
 86 1.449286
 87 1.440000
 88 1.406429
 89 1.431429
 90 1.418571
 91 1.367857
 92 1.422143
 93 1.385714
 94 384.845714
 95 1.806429
 96 1.475714
 97 1.497143
 98 1.413571
 99 1.446429
100 1.413571
101 1.401429
102 1.377143
103 1.425000
104 1.410000
105 1.392143
106 1.410000
107 1.436429
108 1.377143
109 1.370714
110 1.425000
111 1.382857
112 1.437143
113 1.467143
114 1.440000
115 257.687857
116 1.835714
117 1.521429
118 1.493571
119 1.482143
120 1.452143
121 1.539286
122 1.445714
123 1.449286
124 1.404286
125 1.422143
126 624.053571
127 1.697857
128 1.479286
129 1.497143
130 1.467143
131 1.449286
132 1.466429
133 1.427857
134 1.374286
135 1.481429
136 1.370714
137 1.422143
138 1.370714
139 1.427857
140 1.401429
141 1.374286
142 1.377143
143 1.395000
144 1.425000
145 1.455000
146 1.452143
147 1.371429
148 1.427857
149 1.422143
150 1.377143
151 1.442857
152 1.425000
153 1.422143
154 1.377143
155 1.377143
156 1.400714
157 1.427857
158 525.530714
159 1.779286
160 1.455000
161 1.449286
162 1.457857
163 1.434286
164 1.487857
165 1.455000
166 1.418571
167 1.433571
168 1.415714
169 1.406429
170 1.389286
171 1.410000
172 1.487857
173 1.403571
174 1.433571
175 1.433571
176 1.428571
177 1.377143
178 1.431429
179 1.427857
180 1.389286
181 1.425000
182 1.412857
183 1.397857
184 1.437143
185 1.392143
186 1.397857
187 1.421429
188 1.415714
189 1.410000
190 557.460000
191 1.721429
192 1.479286
193 1.472857
194 1.434286
195 1.449286
196 1.467143
197 1.406429
198 1.425000
199 1.440000
200 1.415714
