  1 223.037143
  2 257.857500
  3 81.513214
  4 1.646786
  5 1.599643
  6 247.749643
  7 1.894286
  8 1.626429
  9 1.593214
 10 1.626429
 11 1.590000
 12 1.602857
 13 1.556786
 14 388.256786
 15 1.936071
 16 1.650000
 17 1.596429
 18 1.620000
 19 1.596429
 20 1.539643
 21 1.569643
 22 1.667143
 23 1.560000
 24 1.610357
 25 1.530000
 26 1.650000
 27 1.606071
 28 1.620000
 29 1.560000
 30 573.647143
 31 1.966071
 32 1.733571
 33 1.590000
 34 1.599643
 35 1.616786
 36 1.620000
 37 1.593214
 38 1.573929
 39 1.609286
 40 1.566429
 41 1.517143
 42 1.583571
 43 1.563214
 44 1.577143
 45 1.539643
 46 1.560000
 47 1.597500
 48 1.570714
 49 1.569643
 50 1.530000
 51 1.542857
 52 1.522500
 53 1.550357
 54 1.566429
 55 1.577143
 56 1.560000
 57 1.569643
 58 1.586786
 59 1.537500
 60 1.530000
 61 1.560000
 62 538.426071
 63 1.899643
 64 1.643571
 65 1.620000
 66 1.594286
 67 1.572857
 68 1.596429
 69 1.576071
 70 1.597500
 71 1.590000
 72 1.563214
 73 1.563214
 74 1.586786
 75 1.509643
 76 1.510714
 77 1.560000
 78 1.642500
 79 1.533214
 80 1.520357
 81 1.573929
 82 1.599643
 83 1.552500
 84 1.526786
 85 1.596429
 86 1.523571
 87 1.539643
 88 1.522500
 89 1.517143
 90 1.489286
 91 1.553571
 92 1.540714
 93 1.583571
 94 330.333214
 95 1.912500
 96 1.552500
 97 1.623214
 98 1.637143
 99 1.599643
100 1.593214
101 1.569643
102 1.599643
103 1.583571
104 1.579286
105 1.526786
106 1.590000
107 1.596429
108 1.549286
109 1.590000
110 1.569643
111 1.563214
112 1.540714
113 1.560000
114 1.556786
115 217.550357
116 2.052857
117 1.616786
118 1.567500
119 1.572857
120 1.629643
121 1.606071
122 1.593214
123 1.549286
124 1.549286
125 1.590000
126 606.220714
127 1.950000
128 1.623214
129 1.607143
130 1.616786
131 1.602857
132 1.577143
133 1.580357
134 1.560000
135 1.583571
136 1.556786
137 1.577143
138 1.547143
139 1.603929
140 1.600714
141 1.536429
142 1.530000
143 1.576071
144 1.577143
145 1.546071
146 1.563214
147 1.577143
148 1.560000
149 1.569643
150 1.579286
151 1.496786
152 1.599643
153 1.533214
154 1.570714
155 1.585714
156 1.609286
157 1.566429
158 544.863214
159 1.963929
160 1.656429
161 1.586786
162 1.576071
163 1.613571
164 1.613571
165 1.627500
166 1.576071
167 1.623214
168 1.596429
169 1.530000
170 1.576071
171 1.613571
172 1.590000
173 1.573929
174 1.580357
175 1.596429
176 1.523571
177 1.547143
178 1.522500
179 1.523571
180 1.563214
181 1.550357
182 1.599643
183 1.530000
184 1.563214
185 1.536429
186 1.556786
187 1.549286
188 1.586786
189 1.536429
190 510.366429
191 1.906071
192 1.616786
193 1.582500
194 1.533214
195 1.560000
196 1.555714
197 1.629643
198 1.569643
199 1.542857
200 1.553571
