  1 226.983214
  2 243.094286
  3 82.778571
  4 1.176429
  5 1.071429
  6 284.890714
  7 1.910357
  8 4.254643
  9 1.020000
 10 1.065000
 11 1.056429
 12 1.097143
 13 1.047857
 14 409.223571
 15 1.290000
 16 1.629643
 17 1.650000
 18 1.586786
 19 1.653214
 20 1.624286
 21 1.623214
 22 1.620000
 23 1.596429
 24 1.663929
 25 1.637143
 26 1.586786
 27 1.616786
 28 1.599643
 29 1.660714
 30 599.957143
 31 1.986429
 32 1.663929
 33 1.660714
 34 1.650000
 35 1.643571
 36 1.615714
 37 1.616786
 38 1.636071
 39 1.546071
 40 1.570714
 41 1.496786
 42 1.594286
 43 1.602857
 44 1.602857
 45 1.550357
 46 1.542857
 47 1.533214
 48 1.560000
 49 1.560000
 50 1.530000
 51 1.577143
 52 1.550357
 53 1.560000
 54 1.576071
 55 1.564286
 56 1.590000
 57 1.560000
 58 1.540714
 59 1.580357
 60 1.560000
 61 1.549286
 62 538.509643
 63 2.032500
 64 1.620000
 65 1.613571
 66 1.646786
 67 1.646786
 68 1.699286
 69 1.593214
 70 1.616786
 71 1.593214
 72 1.570714
 73 1.629643
 74 1.530000
 75 1.533214
 76 1.596429
 77 1.560000
 78 1.576071
 79 1.553571
 80 1.602857
 81 1.560000
 82 1.556786
 83 1.533214
 84 1.603929
 85 1.550357
 86 1.526786
 87 1.520357
 88 1.553571
 89 1.542857
 90 1.590000
 91 1.582500
 92 1.577143
 93 1.566429
 94 362.936786
 95 1.877143
 96 1.590000
 97 1.590000
 98 1.567500
 99 1.566429
100 1.643571
101 1.599643
102 1.572857
103 1.659643
104 1.563214
105 1.536429
106 1.526786
107 1.580357
108 1.503214
109 1.620000
110 1.637143
111 1.560000
112 1.533214
113 1.523571
114 1.520357
115 223.693929
116 2.053929
117 1.600714
118 1.610357
119 1.606071
120 1.620000
121 1.629643
122 1.573929
123 1.640357
124 1.600714
125 1.580357
126 594.226071
127 1.987500
128 1.632857
129 1.686429
130 1.580357
131 1.656429
132 1.590000
133 1.580357
134 1.537500
135 1.585714
136 1.534286
137 1.553571
138 1.517143
139 1.640357
140 1.594286
141 1.550357
142 1.569643
143 1.513929
144 1.569643
145 1.503214
146 1.580357
147 1.547143
148 1.569643
149 1.523571
150 1.530000
151 1.542857
152 1.566429
153 1.530000
154 1.542857
155 1.547143
156 1.596429
157 1.566429
158 543.682500
159 1.893214
160 1.693929
161 1.630714
162 1.626429
163 1.643571
164 1.620000
165 1.583571
166 1.620000
167 1.653214
168 1.569643
169 1.569643
170 1.556786
171 1.550357
172 1.542857
173 1.552500
174 1.600714
175 1.542857
176 1.536429
177 1.582500
178 1.555714
179 1.526786
180 1.556786
181 1.596429
182 1.590000
183 1.560000
184 1.603929
185 1.563214
186 1.533214
187 1.530000
188 1.536429
189 1.569643
190 550.790357
191 1.910357
192 1.646786
193 1.620000
194 1.620000
195 1.553571
196 1.583571
197 1.577143
198 1.570714
199 1.653214
200 1.560000
