  1 229.650000
  2 275.726786
  3 82.073571
  4 1.793571
  5 1.670357
  6 261.462857
  7 1.759286
  8 1.610357
  9 1.675714
 10 1.573929
 11 1.599643
 12 1.563214
 13 1.556786
 14 394.787143
 15 1.936071
 16 1.606071
 17 1.629643
 18 1.620000
 19 1.713214
 20 1.606071
 21 1.560000
 22 1.607143
 23 1.636071
 24 1.610357
 25 1.547143
 26 1.583571
 27 1.643571
 28 1.653214
 29 1.654286
 30 600.600000
 31 1.996071
 32 1.632857
 33 1.632857
 34 1.569643
 35 1.593214
 36 1.607143
 37 1.630714
 38 1.550357
 39 1.613571
 40 1.563214
 41 1.603929
 42 1.560000
 43 1.526786
 44 1.563214
 45 1.520357
 46 1.563214
 47 1.520357
 48 1.540714
 49 1.590000
 50 1.539643
 51 1.566429
 52 1.517143
 53 1.542857
 54 1.629643
 55 1.513929
 56 1.560000
 57 1.550357
 58 1.520357
 59 1.513929
 60 1.636071
 61 1.517143
 62 535.536429
 63 1.864286
 64 1.613571
 65 1.630714
 66 1.552500
 67 1.602857
 68 1.593214
 69 1.629643
 70 1.613571
 71 1.533214
 72 1.563214
 73 1.586786
 74 1.560000
 75 1.560000
 76 1.567500
 77 1.567500
 78 1.523571
 79 1.583571
 80 1.523571
 81 1.540714
 82 1.534286
 83 1.536429
 84 1.560000
 85 1.556786
 86 1.519286
 87 1.577143
 88 1.613571
 89 1.569643
 90 1.533214
 91 1.583571
 92 1.593214
 93 1.583571
 94 335.576786
 95 1.766786
 96 1.616786
 97 1.620000
 98 1.632857
 99 1.586786
100 1.636071
101 1.560000
102 1.640357
103 1.539643
104 1.566429
105 1.530000
106 1.577143
107 1.560000
108 1.553571
109 1.533214
110 1.643571
111 1.629643
112 1.570714
113 1.530000
114 1.513929
115 219.686786
116 1.817143
117 1.656429
118 1.599643
119 1.569643
120 1.563214
121 1.577143
122 1.549286
123 1.610357
124 1.616786
125 1.620000
126 606.613929
127 1.839643
128 1.626429
129 1.590000
130 1.613571
131 1.626429
132 1.579286
133 1.579286
134 1.536429
135 1.556786
136 1.503214
137 1.542857
138 1.656429
139 1.607143
140 1.560000
141 1.550357
142 1.583571
143 1.520357
144 1.640357
145 1.564286
146 1.560000
147 1.517143
148 1.556786
149 1.530000
150 1.596429
151 1.563214
152 1.533214
153 1.560000
154 1.495714
155 1.570714
156 1.540714
157 1.546071
158 544.243929
159 1.853571
160 1.610357
161 1.556786
162 1.596429
163 1.609286
164 1.590000
165 1.566429
166 1.590000
167 1.606071
168 1.586786
169 1.630714
170 1.596429
171 1.546071
172 1.550357
173 1.555714
174 1.633929
175 1.530000
176 1.560000
177 1.576071
178 1.596429
179 1.509643
180 1.512857
181 1.510714
182 1.556786
183 1.600714
184 1.564286
185 1.583571
186 1.547143
187 1.530000
188 1.533214
189 1.563214
190 542.220000
191 1.876071
192 1.656429
193 1.602857
194 1.553571
195 1.563214
196 1.593214
197 1.599643
198 1.607143
199 1.612500
200 1.602857
