  1 247.477500
  2 267.079286
  3 81.780000
  4 1.729286
  5 1.636071
  6 245.756786
  7 1.890000
  8 1.550357
  9 1.566429
 10 1.560000
 11 1.550357
 12 1.553571
 13 1.549286
 14 383.769643
 15 2.040000
 16 1.650000
 17 1.620000
 18 1.583571
 19 1.567500
 20 1.660714
 21 1.609286
 22 1.580357
 23 1.563214
 24 1.556786
 25 1.710000
 26 1.623214
 27 1.602857
 28 1.623214
 29 1.646786
 30 597.802500
 31 1.953214
 32 1.643571
 33 1.613571
 34 1.722857
 35 1.596429
 36 1.590000
 37 1.613571
 38 1.616786
 39 1.566429
 40 1.526786
 41 1.566429
 42 1.533214
 43 1.537500
 44 1.566429
 45 1.569643
 46 1.523571
 47 1.579286
 48 1.533214
 49 1.530000
 50 1.534286
 51 1.550357
 52 1.506429
 53 1.556786
 54 1.530000
 55 1.509643
 56 1.560000
 57 1.500000
 58 1.526786
 59 1.547143
 60 1.530000
 61 1.530000
 62 499.870714
 63 1.927500
 64 1.586786
 65 1.620000
 66 1.609286
 67 1.620000
 68 1.600714
 69 1.669286
 70 1.593214
 71 1.602857
 72 1.569643
 73 1.563214
 74 1.516071
 75 1.496786
 76 1.542857
 77 1.553571
 78 1.560000
 79 1.542857
 80 1.530000
 81 1.533214
 82 1.522500
 83 1.556786
 84 1.523571
 85 1.516071
 86 1.530000
 87 1.510714
 88 1.560000
 89 1.593214
 90 1.547143
 91 1.533214
 92 1.566429
 93 1.553571
 94 327.715714
 95 1.886786
 96 1.586786
 97 1.610357
 98 1.576071
 99 1.556786
100 1.599643
101 1.526786
102 1.543929
103 1.583571
104 1.572857
105 1.520357
106 1.516071
107 1.512857
108 1.556786
109 1.540714
110 1.567500
111 1.624286
112 1.577143
113 1.556786
114 1.599643
115 231.456429
116 2.013214
117 1.609286
118 1.586786
119 1.546071
120 1.596429
121 1.597500
122 1.599643
123 1.580357
124 1.522500
125 1.530000
126 591.756429
127 1.899643
128 1.642500
129 1.546071
130 1.596429
131 1.602857
132 1.590000
133 1.563214
134 1.610357
135 1.583571
136 1.572857
137 1.593214
138 1.513929
139 1.563214
140 1.516071
141 1.590000
142 1.530000
143 1.543929
144 1.576071
145 1.577143
146 1.553571
147 1.596429
148 1.580357
149 1.577143
150 1.593214
151 1.540714
152 1.486071
153 1.560000
154 1.573929
155 1.573929
156 1.550357
157 1.543929
158 544.927500
159 1.933929
160 1.656429
161 1.620000
162 1.573929
163 1.536429
164 1.517143
165 1.569643
166 1.586786
167 1.560000
168 1.666071
169 1.564286
170 1.507500
171 1.570714
172 1.620000
173 1.560000
174 1.646786
175 1.549286
176 1.530000
177 1.552500
178 1.586786
179 1.556786
180 1.552500
181 1.543929
182 1.580357
183 1.576071
184 1.580357
185 1.569643
186 1.473214
187 1.530000
188 1.566429
189 1.633929
190 511.233214
191 1.853571
192 1.623214
193 1.662857
194 1.689643
195 1.667143
196 1.547143
197 1.573929
198 1.503214
199 1.536429
200 1.516071
