  1 208.053214
  2 276.835714
  3 82.013571
  4 1.740000
  5 1.620000
  6 303.786429
  7 1.916786
  8 1.563214
  9 1.613571
 10 3.840000
 11 1.623214
 12 1.550357
 13 1.520357
 14 353.143929
 15 0.716786
 16 0.590357
 17 0.594643
 18 0.594643
 19 0.578571
 20 0.587143
 21 0.552857
 22 0.573214
 23 0.564643
 24 0.577500
 25 0.551786
 26 0.571071
 27 0.585000
 28 0.573214
 29 0.583929
 30 633.161786
 31 1.987500
 32 1.699286
 33 1.636071
 34 1.566429
 35 1.596429
 36 1.590000
 37 1.563214
 38 0.617143
 39 0.623571
 40 0.567857
 41 0.574286
 42 0.561429
 43 0.594643
 44 0.564643
 45 0.580714
 46 0.583929
 47 0.574286
 48 0.547500
 49 0.566786
 50 0.558214
 51 0.559286
 52 0.566786
 53 0.565714
 54 0.591429
 55 0.606429
 56 0.577500
 57 0.558214
 58 0.558214
 59 0.575357
 60 0.625714
 61 0.598929
 62 607.761429
 63 1.247143
 64 1.099286
 65 1.035000
 66 1.028571
 67 1.054286
 68 1.056429
 69 1.039286
 70 0.998571
 71 1.075714
 72 1.017857
 73 1.005000
 74 1.002857
 75 1.009286
 76 0.992143
 77 1.015714
 78 1.099286
 79 1.084286
 80 1.030714
 81 1.026429
 82 1.000714
 83 0.998571
 84 1.099286
 85 1.000714
 86 1.005000
 87 0.992143
 88 0.987857
 89 1.009286
 90 1.011429
 91 1.015714
 92 0.985714
 93 1.009286
 94 408.319286
 95 1.287857
 96 1.050000
 97 1.045714
 98 1.011429
 99 1.110000
100 1.013571
101 1.015714
102 1.032857
103 1.009286
104 0.998571
105 0.996429
106 1.000714
107 0.979286
108 0.996429
109 1.015714
110 1.058571
111 1.011429
112 1.013571
113 0.983571
114 0.983571
115 289.051071
116 1.262143
117 1.039286
118 1.037143
119 1.039286
120 1.041429
121 1.047857
122 1.080000
123 1.052143
124 0.998571
125 0.981429
126 633.977143
127 1.230000
128 1.054286
129 1.045714
130 1.015714
131 1.026429
132 1.005000
133 1.047857
134 1.026429
135 0.972857
136 1.041429
137 0.998571
138 0.979286
139 0.981429
140 1.015714
141 1.047857
142 0.996429
143 1.002857
144 1.002857
145 1.017857
146 0.979286
147 1.015714
148 0.975000
149 0.975000
150 0.983571
151 0.977143
152 1.071429
153 1.020000
154 1.017857
155 1.017857
156 0.977143
157 0.998571
158 551.618571
159 1.208571
160 1.020000
161 1.035000
162 1.045714
163 1.026429
164 1.022143
165 1.009286
166 1.035000
167 1.011429
168 0.983571
169 0.987857
170 1.065000
171 0.983571
172 1.056429
173 1.011429
174 1.028571
175 1.028571
176 0.994286
177 0.994286
178 1.005000
179 0.992143
180 0.975000
181 0.994286
182 0.994286
183 1.028571
184 0.996429
185 0.990000
186 0.983571
187 1.020000
188 1.009286
189 1.026429
190 549.083571
191 1.262143
192 1.101429
193 1.047857
194 1.032857
195 1.047857
196 1.032857
197 0.994286
198 1.045714
199 1.028571
200 1.015714
