  1 173.243571
  2 250.727143
  3 80.070000
  4 1.185000
  5 1.052143
  6 285.100714
  7 1.292143
  8 1.047857
  9 1.015714
 10 1.022143
 11 1.017857
 12 1.080000
 13 1.035000
 14 454.609286
 15 1.236429
 16 1.013571
 17 0.992143
 18 1.028571
 19 1.022143
 20 1.047857
 21 1.058571
 22 1.015714
 23 1.013571
 24 1.050000
 25 1.120714
 26 1.062857
 27 1.024286
 28 1.037143
 29 1.024286
 30 623.282143
 31 1.272857
 32 1.073571
 33 1.069286
 34 1.035000
 35 1.060714
 36 1.060714
 37 1.047857
 38 1.026429
 39 1.011429
 40 1.013571
 41 0.990000
 42 1.013571
 43 1.030714
 44 1.039286
 45 1.032857
 46 1.037143
 47 1.022143
 48 1.017857
 49 0.990000
 50 0.992143
 51 1.005000
 52 1.047857
 53 1.005000
 54 1.041429
 55 1.050000
 56 1.020000
 57 1.009286
 58 1.020000
 59 1.011429
 60 0.998571
 61 1.013571
 62 581.157857
 63 1.275000
 64 1.032857
 65 1.035000
 66 1.095000
 67 1.052143
 68 1.062857
 69 1.005000
 70 1.060714
 71 0.992143
 72 1.060714
 73 0.996429
 74 0.987857
 75 0.998571
 76 0.975000
 77 1.028571
 78 1.002857
 79 1.002857
 80 1.002857
 81 1.024286
 82 1.017857
 83 0.998571
 84 0.990000
 85 1.011429
 86 1.002857
 87 1.060714
 88 2.466429
 89 1.013571
 90 1.011429
 91 0.985714
 92 1.013571
 93 1.024286
 94 412.032857
 95 1.322143
 96 1.065000
 97 1.043571
 98 1.097143
 99 1.009286
100 1.026429
101 1.022143
102 0.987857
103 1.041429
104 1.043571
105 0.983571
106 0.996429
107 1.005000
108 1.020000
109 1.011429
110 1.043571
111 1.024286
112 1.007143
113 1.039286
114 1.015714
115 258.670714
116 1.238571
117 1.000714
118 1.015714
119 1.037143
120 1.009286
121 1.030714
122 1.009286
123 1.060714
124 1.009286
125 1.020000
126 605.732143
127 1.285714
128 1.075714
129 1.054286
130 1.011429
131 1.037143
132 1.035000
133 1.013571
134 1.032857
135 0.996429
136 1.005000
137 1.032857
138 0.970714
139 0.983571
140 1.028571
141 1.015714
142 1.002857
143 1.009286
144 1.022143
145 1.009286
146 1.026429
147 0.990000
148 0.996429
149 1.009286
150 1.007143
151 1.024286
152 0.990000
153 0.981429
154 2.449286
155 1.050000
156 1.002857
157 0.990000
158 589.448571
159 1.253571
160 1.047857
161 1.030714
162 1.020000
163 1.071429
164 1.032857
165 1.032857
166 1.054286
167 1.043571
168 1.020000
169 1.013571
170 0.998571
171 1.024286
172 0.985714
173 1.045714
174 1.009286
175 0.977143
176 1.020000
177 0.994286
178 1.002857
179 1.022143
180 0.987857
181 1.030714
182 0.977143
183 1.041429
184 1.030714
185 0.992143
186 1.013571
187 0.992143
188 0.990000
189 1.009286
190 628.459286
191 1.232143
192 1.069286
193 1.032857
194 1.020000
195 1.041429
196 1.024286
197 1.088571
198 1.028571
199 0.998571
200 1.050000
