  1 219.426429
  2 226.962857
  3 77.479286
  4 1.640357
  5 1.650000
  6 354.817500
  7 1.890000
  8 1.670357
  9 1.583571
 10 1.569643
 11 1.563214
 12 1.566429
 13 1.613571
 14 385.899643
 15 1.950000
 16 1.719643
 17 1.616786
 18 1.620000
 19 1.642500
 20 1.580357
 21 1.563214
 22 1.573929
 23 1.613571
 24 1.599643
 25 1.599643
 26 1.623214
 27 1.636071
 28 1.597500
 29 1.637143
 30 600.260357
 31 2.070000
 32 1.632857
 33 1.626429
 34 1.650000
 35 1.646786
 36 1.629643
 37 1.590000
 38 1.640357
 39 1.620000
 40 1.560000
 41 1.580357
 42 1.560000
 43 1.572857
 44 1.626429
 45 1.583571
 46 1.599643
 47 1.580357
 48 1.566429
 49 1.566429
 50 1.572857
 51 1.540714
 52 1.610357
 53 1.593214
 54 1.576071
 55 1.572857
 56 1.526786
 57 1.606071
 58 1.539643
 59 1.566429
 60 1.543929
 61 1.537500
 62 508.356429
 63 1.929643
 64 1.623214
 65 1.593214
 66 1.653214
 67 1.610357
 68 1.607143
 69 1.599643
 70 1.596429
 71 1.612500
 72 1.570714
 73 1.563214
 74 1.542857
 75 1.513929
 76 1.517143
 77 1.503214
 78 1.573929
 79 1.602857
 80 1.576071
 81 1.540714
 82 1.590000
 83 1.572857
 84 1.509643
 85 1.556786
 86 1.585714
 87 1.553571
 88 1.569643
 89 1.542857
 90 1.583571
 91 1.566429
 92 1.546071
 93 1.637143
 94 333.900000
 95 1.940357
 96 1.606071
 97 1.613571
 98 1.633929
 99 1.543929
100 1.569643
101 1.572857
102 1.616786
103 1.636071
104 1.520357
105 1.683214
106 1.582500
107 1.539643
108 1.553571
109 1.637143
110 1.573929
111 1.553571
112 1.482857
113 1.520357
114 1.556786
115 218.426786
116 1.880357
117 1.620000
118 1.606071
119 1.613571
120 1.580357
121 1.609286
122 1.593214
123 1.600714
124 1.570714
125 1.612500
126 601.120714
127 1.945714
128 1.637143
129 1.626429
130 1.640357
131 1.620000
132 1.599643
133 1.620000
134 1.626429
135 1.593214
136 1.586786
137 1.566429
138 1.546071
139 1.556786
140 1.536429
141 1.546071
142 1.576071
143 1.553571
144 1.583571
145 1.593214
146 1.590000
147 1.599643
148 1.542857
149 1.582500
150 1.580357
151 1.553571
152 1.603929
153 1.533214
154 1.560000
155 1.590000
156 1.680000
157 1.526786
158 543.170357
159 1.929643
160 1.710000
161 1.680000
162 1.616786
163 1.607143
164 1.620000
165 1.637143
166 1.657500
167 1.643571
168 1.599643
169 1.633929
170 1.602857
171 1.607143
172 1.543929
173 1.573929
174 1.583571
175 1.613571
176 1.633929
177 1.582500
178 1.607143
179 1.580357
180 1.590000
181 1.583571
182 1.583571
183 1.530000
184 1.560000
185 1.533214
186 2.786786
187 1.667143
188 1.620000
189 1.676786
190 477.150000
191 2.020714
192 1.673571
193 1.653214
194 1.637143
195 1.596429
196 1.609286
197 1.543929
198 1.580357
199 1.586786
200 1.556786
