  1 13973.571786
  2 354.396786
  3 84.885000
  4 1.856429
  5 1.656429
  6 323.285714
  7 1.928571
  8 1.623571
  9 1.551429
 10 1.599286
 11 1.548571
 12 1.629286
 13 1.551429
 14 913.742857
 15 1.827143
 16 1.562857
 17 1.512143
 18 1.520714
 19 1.539286
 20 1.524286
 21 1.539286
 22 1.539286
 23 1.530000
 24 1.554286
 25 1.541429
 26 1.521429
 27 1.535714
 28 1.524286
 29 1.487857
 30 2056.040714
 31 1.875000
 32 1.628571
 33 1.584286
 34 1.490714
 35 1.532857
 36 1.470000
 37 1.449286
 38 1.473571
 39 1.463571
 40 1.467143
 41 1.490714
 42 1.472857
 43 1.505714
 44 1.482143
 45 1.470000
 46 1.470000
 47 1.446429
 48 1.490714
 49 1.478571
 50 1.434286
 51 1.500000
 52 1.464286
 53 1.466429
 54 1.470000
 55 1.452143
 56 1.482143
 57 1.476429
 58 1.440000
 59 1.457857
 60 1.437143
 61 1.425000
 62 1888.385714
 63 1.796429
 64 1.602143
 65 1.553571
 66 1.568571
 67 1.539286
 68 1.524286
 69 1.553571
 70 1.520714
 71 1.517857
 72 1.487857
 73 1.520714
 74 1.502857
 75 1.512143
 76 1.502857
 77 1.503571
 78 1.517857
 79 1.487857
 80 1.502857
 81 1.517857
 82 1.523571
 83 1.520714
 84 1.532857
 85 1.508571
 86 1.506429
 87 1.497143
 88 1.493571
 89 1.497143
 90 1.494286
 91 1.515000
 92 1.545000
 93 1.502857
 94 3202.662143
 95 2.111429
 96 1.655714
 97 1.722143
 98 1.632143
 99 1.656429
100 1.661429
101 1.662143
102 1.641429
103 1.677143
104 1.617143
105 1.628571
106 1.610714
107 1.632143
108 1.625714
109 1.620000
110 1.622857
111 1.590000
112 1.590000
113 1.617143
114 1.598571
115 1.607857
116 1.587143
117 1.593571
118 3.596429
119 1.512143
120 1.470000
121 1.472857
122 1.485000
123 1.490714
124 1.467143
125 1.478571
126 1857.422857
127 1.871429
128 1.553571
129 1.560000
130 1.524286
131 1.491429
132 1.500000
133 1.545000
134 1.505714
135 1.521429
136 1.461429
137 1.472857
138 1.475714
139 1.457857
140 1.470000
141 1.470000
142 1.461429
143 1.461429
144 1.475714
145 1.464286
146 1.457857
147 1.485000
148 1.460714
149 1.457857
150 1.455000
151 1.466429
152 1.455000
153 1.530000
154 1.472857
155 1.473571
156 1.460714
157 1.463571
158 1959.575714
159 2.210714
160 1.626429
161 1.560000
162 1.490714
163 1.532857
164 1.557143
165 1.530000
166 1.490714
167 1.457857
168 1.506429
169 1.502857
170 1.491429
171 1.449286
172 1.446429
173 1.482143
174 1.470000
175 1.490714
176 1.494286
177 1.500000
178 1.452143
179 1.512143
180 1.497143
181 1.490714
182 1.457857
183 1.490714
184 1.490714
185 1.487857
186 1.505714
187 1.472857
188 1.497143
189 1.478571
190 1884.887857
191 1.922857
192 1.577857
193 1.547857
194 1.524286
195 1.509286
196 1.505714
197 1.497143
198 1.476429
199 1.506429
200 1.500000
