  1 3.493929
  2 2.027143
  3 1.656429
  4 1.752857
  5 1.602857
  6 1.722857
  7 1.593214
  8 1.620000
  9 1.489286
 10 1.526786
 11 1.593214
 12 1.520357
 13 1.477500
 14 1.509643
 15 1.623214
 16 1.512857
 17 1.490357
 18 1.520357
 19 1.520357
 20 1.507500
 21 1.506429
 22 1.512857
 23 1.594286
 24 1.539643
 25 1.537500
 26 1.520357
 27 1.500000
 28 1.597500
 29 1.523571
 30 1.513929
 31 1.503214
 32 1.516071
 33 1.602857
 34 1.530000
 35 1.560000
 36 1.566429
 37 1.632857
 38 1.523571
 39 1.586786
 40 1.569643
 41 1.636071
 42 1.512857
 43 1.636071
 44 1.550357
 45 1.599643
 46 1.510714
 47 1.597500
 48 1.627500
 49 1.512857
 50 1.506429
 51 1.503214
 52 1.556786
 53 1.516071
 54 1.520357
 55 1.507500
 56 1.616786
 57 1.503214
 58 1.526786
 59 1.523571
 60 1.523571
 61 1.519286
 62 1.479643
 63 1.503214
 64 1.539643
 65 1.509643
 66 1.517143
 67 1.500000
 68 1.506429
 69 1.500000
 70 1.466786
 71 1.473214
 72 1.579286
 73 1.506429
 74 1.519286
 75 1.500000
 76 1.550357
 77 1.566429
 78 1.507500
 79 1.462500
 80 1.520357
 81 1.503214
 82 1.496786
 83 1.500000
 84 1.517143
 85 1.483929
 86 1.523571
 87 1.500000
 88 1.523571
 89 1.500000
 90 1.520357
 91 1.487143
 92 1.517143
 93 1.493571
 94 1.490357
 95 1.546071
 96 1.553571
 97 1.466786
 98 3.786429
 99 1.516071
100 1.520357
101 1.492500
102 1.516071
103 1.503214
104 1.570714
105 1.500000
106 1.517143
107 1.507500
108 1.512857
109 1.470000
110 1.550357
111 1.553571
112 1.599643
113 1.533214
114 1.516071
115 1.520357
116 1.520357
117 1.496786
118 1.506429
119 1.500000
120 1.510714
121 1.466786
122 1.470000
123 1.506429
124 1.599643
125 1.513929
126 1.525714
127 1.516071
128 1.482857
129 1.526786
130 1.539643
131 1.512857
132 1.596429
133 1.490357
134 1.590000
135 1.509643
136 1.536429
137 1.495714
138 1.533214
139 1.496786
140 1.522500
141 1.500000
142 1.507500
143 1.506429
144 1.470000
145 1.509643
146 1.512857
147 1.523571
148 1.520357
149 1.536429
150 1.512857
151 1.509643
152 1.507500
153 1.503214
154 1.507500
155 1.503214
156 1.540714
157 1.512857
158 1.530000
159 1.463571
160 1.513929
161 1.506429
162 1.496786
163 1.500000
164 1.550357
165 1.500000
166 1.512857
167 1.500000
168 1.503214
169 1.503214
170 1.506429
171 1.496786
172 1.539643
173 1.496786
174 1.517143
175 1.496786
176 1.506429
177 1.503214
178 1.470000
179 1.500000
180 1.516071
181 1.513929
182 1.520357
183 1.496786
184 1.517143
185 1.500000
186 1.507500
187 1.486071
188 1.526786
189 1.500000
190 1.503214
191 1.520357
192 1.470000
193 1.500000
194 1.506429
195 1.486071
196 1.476429
197 1.500000
198 1.516071
199 1.503214
200 1.506429
  1 166.420714
  2 239.976429
  3 24.146786
  4 119.344286
  5 0.681429
  6 261.710357
  7 1.926429
  8 1.593214
  9 1.539643
 10 1.613571
 11 1.550357
 12 0.617143
 13 0.592500
 14 387.181071
 15 1.900714
 16 1.752857
 17 1.613571
 18 1.583571
 19 1.613571
 20 1.516071
 21 1.580357
 22 1.580357
 23 1.596429
 24 1.580357
 25 1.567500
 26 4.576071
 27 0.583929
 28 0.590357
 29 0.575357
 30 614.523214
 31 0.767143
 32 1.400000
 33 1.330000
 34 1.267500
 35 1.257500
 36 1.280000
 37 1.232500
 38 1.232500
 39 1.245000
 40 1.222500
 41 1.240000
 42 1.220000
 43 1.205000
 44 1.210000
 45 1.225000
 46 1.222500
 47 1.245000
 48 1.255000
 49 1.262500
 50 1.220000
 51 1.220000
 52 1.220000
 53 1.212500
 54 1.205000
 55 1.205000
 56 1.260000
 57 1.220000
 58 1.237500
 59 1.227500
 60 1.212500
 61 1.225000
 62 574.712500
 63 1.575000
 64 1.285000
 65 1.285000
 66 1.275000
 67 1.260000
 68 1.285000
 69 1.260000
 70 1.270000
 71 1.275000
 72 1.295000
 73 1.257500
 74 1.280000
 75 1.257500
 76 1.232500
 77 1.245000
 78 1.242500
 79 1.237500
 80 1.225000
 81 1.225000
 82 1.247500
 83 1.292500
 84 1.257500
 85 1.240000
 86 1.235000
 87 1.255000
 88 1.245000
 89 1.247500
 90 1.250000
 91 1.255000
 92 1.215000
 93 1.235000
 94 563.682500
 95 1.522500
 96 1.290000
 97 1.302500
 98 1.272500
 99 1.270000
100 1.275000
101 1.337500
102 1.297500
103 1.305000
104 1.225000
105 1.240000
106 1.230000
107 1.260000
108 1.235000
109 1.265000
110 1.260000
111 1.245000
112 1.230000
113 1.237500
114 1.230000
115 1.662500
116 1.485000
117 1.440000
118 1.305000
119 1.255000
120 1.307500
121 1.255000
122 1.287500
123 1.262500
124 1.277500
125 1.262500
126 522.265000
127 1.510000
128 1.312500
129 1.292500
130 1.267500
131 1.305000
132 1.402500
133 1.295000
134 1.262500
135 1.262500
136 1.270000
137 1.270000
138 1.287500
139 1.242500
140 1.260000
141 1.240000
142 1.182500
143 1.215000
144 1.235000
145 1.200000
146 1.235000
147 1.250000
148 1.252500
149 1.247500
150 1.265000
151 1.247500
152 1.250000
153 1.317500
154 1.420000
155 1.292500
156 1.275000
157 1.262500
158 532.480000
159 1.635000
160 1.352500
161 1.270000
162 1.305000
163 1.300000
164 1.260000
165 1.270000
166 1.250000
167 1.275000
168 1.277500
169 1.237500
170 1.262500
171 1.210000
172 1.240000
173 1.242500
174 1.252500
175 1.217500
176 1.270000
177 1.287500
178 1.242500
179 1.255000
180 1.247500
181 1.237500
182 1.235000
183 1.275000
184 1.250000
185 1.247500
186 1.240000
187 1.250000
188 1.240000
189 1.257500
190 574.615000
191 1.532500
192 1.292500
193 1.282500
194 1.265000
195 1.270000
196 1.317500
197 1.237500
198 1.305000
199 1.235000
200 1.275000
