  1 3.450000
  2 2.032500
  3 1.773214
  4 1.583571
  5 1.539643
  6 1.550357
  7 1.603929
  8 1.553571
  9 1.550357
 10 1.503214
 11 1.620000
 12 1.466786
 13 1.526786
 14 1.503214
 15 1.666071
 16 1.500000
 17 1.519286
 18 1.506429
 19 1.530000
 20 1.500000
 21 1.480714
 22 1.483929
 23 1.547143
 24 1.530000
 25 1.530000
 26 1.496786
 27 1.489286
 28 1.500000
 29 1.490357
 30 1.519286
 31 1.480714
 32 1.500000
 33 1.510714
 34 1.500000
 35 1.506429
 36 1.536429
 37 1.506429
 38 1.536429
 39 1.525714
 40 1.553571
 41 1.477500
 42 1.474286
 43 1.523571
 44 1.500000
 45 1.496786
 46 1.509643
 47 1.482857
 48 1.623214
 49 1.450714
 50 1.500000
 51 1.513929
 52 1.496786
 53 1.493571
 54 1.503214
 55 1.449643
 56 1.596429
 57 1.503214
 58 1.493571
 59 1.520357
 60 1.500000
 61 1.465714
 62 1.440000
 63 1.493571
 64 1.520357
 65 1.482857
 66 1.473214
 67 1.500000
 68 1.470000
 69 1.450714
 70 1.493571
 71 1.459286
 72 1.493571
 73 1.446429
 74 1.550357
 75 1.443214
 76 1.533214
 77 1.462500
 78 1.503214
 79 1.446429
 80 1.506429
 81 1.503214
 82 1.496786
 83 1.450714
 84 1.489286
 85 1.452857
 86 1.500000
 87 1.463571
 88 1.473214
 89 1.500000
 90 1.456071
 91 1.493571
 92 1.452857
 93 1.466786
 94 1.496786
 95 1.463571
 96 1.563214
 97 1.482857
 98 1.440000
 99 1.446429
100 1.512857
101 1.453929
102 1.500000
103 1.443214
104 1.586786
105 1.463571
106 1.490357
107 1.496786
108 1.507500
109 1.449643
110 1.500000
111 1.446429
112 1.590000
113 1.480714
114 1.452857
115 1.460357
116 1.530000
117 1.500000
118 1.483929
119 1.449643
120 1.536429
121 1.449643
122 1.492500
123 1.476429
124 1.526786
125 1.465714
126 1.507500
127 1.489286
128 1.470000
129 1.459286
130 1.526786
131 1.496786
132 1.576071
133 1.500000
134 1.517143
135 1.533214
136 1.483929
137 1.482857
138 1.503214
139 1.489286
140 1.523571
141 1.473214
142 1.492500
143 1.477500
144 1.496786
145 1.493571
146 1.500000
147 1.509643
148 1.473214
149 1.446429
150 1.496786
151 1.490357
152 1.493571
153 1.450714
154 1.503214
155 1.503214
156 1.503214
157 1.466786
158 1.510714
159 1.443214
160 1.443214
161 1.496786
162 1.510714
163 1.496786
164 1.533214
165 1.457143
166 1.490357
167 1.496786
168 1.449643
169 1.506429
170 1.450714
171 1.493571
172 1.503214
173 1.466786
174 1.457143
175 1.496786
176 1.489286
177 1.490357
178 1.479643
179 1.496786
180 1.493571
181 1.450714
182 1.510714
183 1.493571
184 1.496786
185 1.459286
186 1.509643
187 1.540714
188 1.513929
189 1.450714
190 1.496786
191 1.493571
192 1.510714
193 1.476429
194 1.503214
195 1.493571
196 1.463571
197 1.482857
198 1.440000
199 1.516071
200 1.496786
  1 205.479643
  2 260.123571
  3 25.313571
  4 106.775357
  5 0.657857
  6 271.914643
  7 1.800000
  8 1.560000
  9 1.547143
 10 1.556786
 11 1.550357
 12 1.510714
 13 3.968571
 14 351.966429
 15 1.953214
 16 1.593214
 17 3.619286
 18 0.581786
 19 0.589286
 20 0.549643
 21 0.561429
 22 0.556071
 23 0.581786
 24 0.548571
 25 0.562500
 26 0.553929
 27 0.578571
 28 0.591429
 29 0.571071
 30 632.658214
 31 1.969286
 32 1.690714
 33 1.697143
 34 1.680000
 35 1.577143
 36 1.553571
 37 0.585000
 38 0.567857
 39 0.564643
 40 0.571071
 41 0.570000
 42 0.545357
 43 0.550714
 44 0.566786
 45 0.581786
 46 0.552857
 47 0.557143
 48 0.565714
 49 0.570000
 50 0.555000
 51 0.586071
 52 0.577500
 53 0.551786
 54 0.543214
 55 0.552857
 56 0.559286
 57 0.550714
 58 0.548571
 59 0.570000
 60 0.546429
 61 0.551786
 62 581.678571
 63 1.201786
 64 0.995357
 65 0.937143
 66 0.931786
 67 0.952857
 68 0.951071
 69 0.928214
 70 0.922857
 71 0.921429
 72 0.940714
 73 0.944286
 74 0.912500
 75 0.894643
 76 0.900000
 77 0.919286
 78 0.906786
 79 0.908929
 80 0.937143
 81 0.901786
 82 0.903571
 83 0.901786
 84 0.901786
 85 0.919286
 86 0.901786
 87 0.922857
 88 0.928214
 89 0.905357
 90 0.903571
 91 0.917500
 92 0.926429
 93 0.921071
 94 596.574643
 95 1.182143
 96 0.995357
 97 0.956429
 98 1.012857
 99 1.041071
100 0.951071
101 0.953214
102 0.990000
103 0.930000
104 0.998929
105 0.986429
106 0.991786
107 0.965357
108 0.965357
109 0.988214
110 0.961786
111 0.993571
112 0.972143
113 0.965357
114 0.963571
115 1.233571
116 0.961786
117 0.965357
118 1.048214
119 0.988214
120 0.995357
121 0.998571
122 1.009286
123 0.946071
124 0.991786
125 0.937143
126 573.796071
127 1.162857
128 0.970357
129 0.976071
130 1.012857
131 0.930000
132 1.032500
133 2.262500
134 1.005714
135 0.900000
136 0.919286
137 0.887857
138 0.892857
139 0.898214
140 0.905357
141 0.907143
142 0.922857
143 0.900000
144 0.901786
145 0.917857
146 0.905357
147 0.903571
148 0.906786
149 0.922857
150 0.898214
151 0.896429
152 0.915714
153 0.963571
154 0.901786
155 0.926429
156 0.917857
157 0.896429
158 591.037143
159 1.129286
160 0.938929
161 0.970357
162 1.014643
163 0.956429
164 0.935357
165 0.931786
166 0.914286
167 0.922857
168 0.930000
169 0.921429
170 0.921071
171 0.919286
172 0.947500
173 1.020000
174 0.995357
175 0.930000
176 0.915714
177 0.914286
178 0.910714
179 0.907143
180 0.945714
181 0.914286
182 0.921071
183 0.905357
184 0.940357
185 0.928214
186 0.940357
187 0.905357
188 0.917500
189 0.924643
190 567.702500
191 1.140000
192 0.958214
193 1.032143
194 0.982857
195 0.951429
196 1.002500
197 0.933571
198 1.041071
199 0.984643
200 0.930000
