  1 3.453214
  2 2.126786
  3 146.156786
  4 1.792500
  5 1.552500
  6 1.560000
  7 1.603929
  8 1.526786
  9 1.520357
 10 1.512857
 11 1.610357
 12 1.517143
 13 1.546071
 14 1.506429
 15 1.590000
 16 1.507500
 17 1.510714
 18 1.509643
 19 1.563214
 20 1.517143
 21 1.533214
 22 1.517143
 23 1.566429
 24 1.534286
 25 1.523571
 26 1.543929
 27 1.496786
 28 1.530000
 29 1.459286
 30 1.550357
 31 1.504286
 32 1.496786
 33 1.730357
 34 1.560000
 35 1.496786
 36 1.563214
 37 1.516071
 38 1.516071
 39 1.479643
 40 1.526786
 41 1.517143
 42 1.550357
 43 1.543929
 44 1.526786
 45 1.460357
 46 1.533214
 47 1.506429
 48 1.610357
 49 1.460357
 50 1.506429
 51 1.503214
 52 1.555714
 53 1.462500
 54 1.520357
 55 1.546071
 56 1.629643
 57 1.496786
 58 1.516071
 59 1.492500
 60 1.536429
 61 1.550357
 62 1.546071
 63 1.460357
 64 1.542857
 65 1.520357
 66 1.509643
 67 1.509643
 68 1.510714
 69 1.496786
 70 1.503214
 71 1.479643
 72 1.506429
 73 1.503214
 74 1.493571
 75 1.509643
 76 1.550357
 77 1.473214
 78 1.500000
 79 1.459286
 80 1.490357
 81 1.496786
 82 1.480714
 83 1.476429
 84 1.512857
 85 1.459286
 86 1.459286
 87 1.496786
 88 1.503214
 89 1.500000
 90 1.463571
 91 1.496786
 92 1.506429
 93 1.476429
 94 1.470000
 95 1.473214
 96 1.542857
 97 1.460357
 98 1.509643
 99 1.460357
100 1.479643
101 1.460357
102 1.672500
103 1.520357
104 1.516071
105 1.583571
106 1.553571
107 1.500000
108 1.650000
109 1.503214
110 1.556786
111 1.463571
112 1.560000
113 1.522500
114 1.507500
115 1.473214
116 1.503214
117 1.500000
118 1.500000
119 1.500000
120 1.516071
121 1.503214
122 1.496786
123 1.466786
124 1.637143
125 1.520357
126 1.480714
127 1.487143
128 1.476429
129 1.523571
130 1.523571
131 1.479643
132 1.676786
133 1.506429
134 1.523571
135 1.542857
136 1.517143
137 1.500000
138 1.539643
139 1.496786
140 1.534286
141 1.473214
142 1.566429
143 1.510714
144 1.506429
145 1.470000
146 1.503214
147 1.466786
148 1.533214
149 1.470000
150 1.516071
151 1.493571
152 1.496786
153 1.512857
154 1.496786
155 1.512857
156 1.517143
157 1.466786
158 1.513929
159 1.513929
160 1.517143
161 1.520357
162 1.547143
163 1.466786
164 1.509643
165 1.466786
166 1.509643
167 1.507500
168 1.496786
169 1.537500
170 1.500000
171 1.503214
172 1.510714
173 1.470000
174 1.512857
175 1.507500
176 1.500000
177 1.503214
178 1.496786
179 1.510714
180 1.519286
181 1.470000
182 1.526786
183 1.526786
184 1.563214
185 1.513929
186 1.473214
187 1.512857
188 1.509643
189 1.466786
190 1.513929
191 1.523571
192 1.509643
193 1.466786
194 1.512857
195 1.533214
196 1.553571
197 1.516071
198 1.500000
199 1.506429
200 1.500000
  1 174.664286
  2 240.227143
  3 23.163214
  4 156.193929
  5 1.856786
  6 291.026786
  7 1.779643
  8 1.610357
  9 1.579286
 10 1.596429
 11 1.572857
 12 1.520357
 13 3.780000
 14 353.293929
 15 1.809643
 16 0.586071
 17 0.564643
 18 0.628929
 19 0.621429
 20 0.645000
 21 0.654643
 22 0.641786
 23 0.652500
 24 0.663214
 25 0.571071
 26 0.563571
 27 0.573214
 28 0.566786
 29 0.577500
 30 640.847857
 31 1.757857
 32 1.502857
 33 1.512143
 34 1.440000
 35 1.397857
 36 1.397857
 37 1.397857
 38 1.383571
 39 1.397857
 40 1.437143
 41 1.430714
 42 1.400714
 43 1.437143
 44 1.397857
 45 1.388571
 46 1.337857
 47 1.352857
 48 1.407143
 49 1.370714
 50 1.350000
 51 1.355714
 52 1.350000
 53 1.347143
 54 1.343571
 55 1.367857
 56 1.560000
 57 1.397857
 58 1.370714
 59 1.352857
 60 1.367857
 61 1.367857
 62 552.024286
 63 1.758571
 64 1.476429
 65 1.410000
 66 1.404286
 67 1.389286
 68 1.403571
 69 1.392143
 70 1.392143
 71 1.404286
 72 1.440000
 73 1.397857
 74 1.397857
 75 1.371429
 76 1.373571
 77 1.362143
 78 1.367857
 79 1.350000
 80 1.385714
 81 1.371429
 82 1.377143
 83 1.395000
 84 1.356429
 85 1.365000
 86 1.365000
 87 1.400714
 88 1.376429
 89 1.404286
 90 1.352857
 91 1.422143
 92 1.434286
 93 1.362143
 94 559.425000
 95 1.646429
 96 1.479286
 97 1.422143
 98 1.386429
 99 1.406429
100 1.449286
101 1.395000
102 1.397857
103 1.403571
104 1.449286
105 1.397857
106 1.397857
107 1.335000
108 1.371429
109 1.365000
110 1.374286
111 1.365000
112 1.389286
113 1.395000
114 1.359286
115 1.733571
116 1.412857
117 1.392143
118 1.400714
119 1.410000
120 1.451429
121 1.487857
122 1.478571
123 1.395000
124 1.397857
125 1.365000
126 511.197143
127 1.677143
128 1.440000
129 1.392143
130 1.407143
131 1.388571
132 1.350000
133 1.385714
134 1.382857
135 1.419286
136 1.419286
137 1.389286
138 1.374286
139 1.365000
140 1.386429
141 1.374286
142 1.373571
143 1.373571
144 1.352857
145 1.415714
146 1.362143
147 1.377143
148 1.395000
149 1.380000
150 1.365000
151 1.380000
152 1.380000
153 1.440000
154 1.554286
155 1.500000
156 1.542143
157 1.497143
158 538.365000
159 1.671429
160 1.422143
161 1.437143
162 1.434286
163 1.397857
164 1.385714
165 1.380000
166 1.382857
167 1.443571
168 1.404286
169 1.388571
170 1.403571
171 1.355714
172 1.365000
173 1.347143
174 1.397857
175 1.385714
176 1.356429
177 1.397857
178 1.352857
179 1.352857
180 1.359286
181 1.355714
182 1.359286
183 1.358571
184 1.448571
185 1.355714
186 1.368571
187 1.380000
188 1.368571
189 1.305000
190 555.912143
191 1.673571
192 1.400714
193 1.421429
194 1.437143
195 1.527143
196 1.430714
197 1.410000
198 1.377143
199 1.400714
200 1.388571
