  1 3.360000
  2 2.087143
  3 1.796786
  4 1.572857
  5 1.500000
  6 1.496786
  7 1.555714
  8 1.486071
  9 1.513929
 10 1.490357
 11 1.506429
 12 1.500000
 13 1.503214
 14 1.504286
 15 1.606071
 16 1.487143
 17 1.509643
 18 1.503214
 19 1.509643
 20 1.496786
 21 1.509643
 22 1.486071
 23 1.556786
 24 1.480714
 25 1.543929
 26 1.492500
 27 1.500000
 28 1.539643
 29 1.443214
 30 1.500000
 31 1.493571
 32 1.476429
 33 1.662857
 34 1.556786
 35 1.473214
 36 1.513929
 37 1.512857
 38 1.523571
 39 1.506429
 40 1.542857
 41 1.483929
 42 1.506429
 43 1.509643
 44 1.503214
 45 1.473214
 46 1.493571
 47 1.503214
 48 1.593214
 49 1.487143
 50 1.496786
 51 1.500000
 52 1.533214
 53 1.492500
 54 1.570714
 55 37.217143
 56 1.972500
 57 1.526786
 58 1.550357
 59 1.523571
 60 1.533214
 61 1.576071
 62 1.533214
 63 1.536429
 64 1.556786
 65 1.486071
 66 1.503214
 67 1.479643
 68 1.490357
 69 1.480714
 70 1.493571
 71 1.526786
 72 1.626429
 73 1.443214
 74 1.543929
 75 1.483929
 76 1.530000
 77 1.477500
 78 1.483929
 79 1.479643
 80 1.466786
 81 1.500000
 82 1.483929
 83 1.490357
 84 1.496786
 85 1.512857
 86 1.533214
 87 1.496786
 88 1.543929
 89 1.436786
 90 1.552500
 91 1.526786
 92 1.490357
 93 1.470000
 94 1.493571
 95 1.503214
 96 1.583571
 97 1.503214
 98 1.477500
 99 1.449643
100 1.486071
101 1.476429
102 1.492500
103 1.509643
104 1.536429
105 1.493571
106 1.504286
107 1.480714
108 1.509643
109 1.476429
110 1.506429
111 1.536429
112 1.603929
113 1.473214
114 1.492500
115 1.457143
116 1.534286
117 1.476429
118 1.482857
119 1.443214
120 1.500000
121 1.482857
122 1.526786
123 1.479643
124 1.563214
125 1.542857
126 1.530000
127 1.506429
128 1.490357
129 1.496786
130 1.476429
131 1.457143
132 1.597500
133 1.516071
134 1.556786
135 1.496786
136 1.466786
137 1.479643
138 1.496786
139 1.476429
140 1.473214
141 1.487143
142 1.486071
143 1.493571
144 1.480714
145 1.489286
146 1.443214
147 1.479643
148 1.516071
149 1.473214
150 1.487143
151 1.470000
152 1.482857
153 1.440000
154 1.476429
155 1.473214
156 1.460357
157 1.496786
158 1.482857
159 1.444286
160 1.473214
161 1.500000
162 1.496786
163 1.457143
164 1.457143
165 1.479643
166 1.443214
167 1.490357
168 1.446429
169 1.493571
170 1.443214
171 1.480714
172 1.489286
173 1.443214
174 1.480714
175 1.479643
176 1.476429
177 1.479643
178 1.443214
179 1.493571
180 1.523571
181 1.449643
182 1.492500
183 1.440000
184 1.509643
185 1.443214
186 1.479643
187 1.487143
188 1.504286
189 1.486071
190 1.487143
191 1.486071
192 1.443214
193 1.476429
194 1.480714
195 1.480714
196 1.490357
197 1.487143
198 1.479643
199 1.473214
200 1.479643
  1 162.531429
  2 238.002857
  3 23.359286
  4 121.123929
  5 0.730714
  6 290.179286
  7 1.830000
  8 1.572857
  9 1.576071
 10 1.566429
 11 1.573929
 12 1.556786
 13 1.580357
 14 381.363214
 15 1.929643
 16 1.749643
 17 1.733571
 18 1.740000
 19 1.692857
 20 1.646786
 21 1.603929
 22 1.640357
 23 1.616786
 24 1.615714
 25 1.576071
 26 0.572143
 27 0.604286
 28 0.604286
 29 0.574286
 30 598.855714
 31 1.973571
 32 1.689643
 33 1.786071
 34 1.550357
 35 1.759286
 36 1.580357
 37 1.560000
 38 1.547143
 39 1.563214
 40 1.543929
 41 1.556786
 42 1.539643
 43 1.570714
 44 1.537500
 45 1.512857
 46 1.500000
 47 1.495714
 48 1.519286
 49 1.506429
 50 1.533214
 51 1.590000
 52 1.510714
 53 1.482857
 54 1.496786
 55 1.517143
 56 1.537500
 57 1.487143
 58 1.512857
 59 1.523571
 60 1.483929
 61 1.506429
 62 512.649643
 63 1.973571
 64 1.722857
 65 1.752857
 66 1.760357
 67 1.696071
 68 1.662857
 69 1.710000
 70 1.646786
 71 1.689643
 72 1.705714
 73 1.650000
 74 1.696071
 75 1.632857
 76 1.687500
 77 1.653214
 78 1.697143
 79 1.646786
 80 1.713214
 81 1.667143
 82 1.654286
 83 1.650000
 84 1.662857
 85 1.630714
 86 1.659643
 87 1.683214
 88 1.666071
 89 1.633929
 90 1.683214
 91 1.660714
 92 1.650000
 93 1.659643
 94 513.686786
 95 1.893214
 96 1.549286
 97 1.526786
 98 1.597500
 99 1.603929
100 1.573929
101 1.560000
102 1.506429
103 1.486071
104 1.500000
105 1.523571
106 1.496786
107 1.533214
108 1.490357
109 1.549286
110 1.473214
111 1.489286
112 1.549286
113 1.520357
114 1.503214
115 1.809643
116 1.582500
117 1.594286
118 1.564286
119 1.539643
120 1.586786
121 1.520357
122 1.534286
123 1.539643
124 1.537500
125 1.523571
126 504.413571
127 1.822500
128 1.553571
129 1.539643
130 1.590000
131 1.577143
132 1.570714
133 1.573929
134 1.539643
135 1.536429
136 1.573929
137 1.526786
138 1.513929
139 1.489286
140 1.512857
141 1.530000
142 1.542857
143 1.503214
144 1.517143
145 1.536429
146 1.500000
147 1.500000
148 1.486071
149 1.496786
150 1.516071
151 1.526786
152 1.512857
153 1.599643
154 1.536429
155 1.563214
156 1.573929
157 1.530000
158 515.276786
159 1.843929
160 1.550357
161 1.542857
162 1.560000
163 1.569643
164 1.553571
165 1.560000
166 1.509643
167 1.526786
168 1.517143
169 1.530000
170 1.550357
171 1.492500
172 1.506429
173 1.553571
174 1.466786
175 1.510714
176 1.547143
177 1.516071
178 1.500000
179 1.460357
180 1.539643
181 1.496786
182 1.493571
183 1.550357
184 1.577143
185 1.539643
186 1.520357
187 1.542857
188 1.506429
189 1.506429
190 547.719643
191 1.912500
192 1.573929
193 1.586786
194 1.547143
195 1.669286
196 1.547143
197 1.536429
198 1.506429
199 1.486071
200 1.480714
