  1 5113.516071
  2 311.513571
  3 80.283214
  4 2.046429
  5 1.716429
  6 445.509643
  7 2.087143
  8 1.863214
  9 1.876071
 10 1.833214
 11 1.840714
 12 1.812857
 13 1.820357
 14 918.560357
 15 2.190000
 16 1.740000
 17 1.683214
 18 1.659643
 19 1.670357
 20 1.696071
 21 1.720714
 22 1.680000
 23 1.593214
 24 1.613571
 25 1.643571
 26 1.656429
 27 1.636071
 28 1.646786
 29 1.646786
 30 3266.509286
 31 2.116071
 32 1.746429
 33 1.716429
 34 1.607143
 35 1.667143
 36 1.663929
 37 1.713214
 38 1.699286
 39 1.697143
 40 1.612500
 41 1.603929
 42 1.650000
 43 1.653214
 44 1.607143
 45 1.636071
 46 1.693929
 47 1.606071
 48 1.603929
 49 1.612500
 50 1.662857
 51 1.620000
 52 1.580357
 53 1.603929
 54 1.599643
 55 1.600714
 56 1.650000
 57 1.640357
 58 1.656429
 59 1.620000
 60 1.599643
 61 1.602857
 62 1899.547500
 63 2.119286
 64 1.697143
 65 1.853571
 66 1.873929
 67 1.864286
 68 1.620000
 69 1.733571
 70 1.894286
 71 1.790357
 72 1.766786
 73 1.846071
 74 1.637143
 75 1.750714
 76 1.770000
 77 1.786071
 78 1.872857
 79 1.776429
 80 1.766786
 81 1.659643
 82 1.730357
 83 1.820357
 84 1.796786
 85 1.773214
 86 1.810714
 87 1.803214
 88 1.706786
 89 1.736786
 90 1.640357
 91 1.740000
 92 1.826786
 93 1.800000
 94 1889.769643
 95 2.117143
 96 1.716429
 97 1.659643
 98 1.700357
 99 1.667143
100 1.696071
101 1.676786
102 1.683214
103 1.669286
104 1.639286
105 1.583571
106 1.600714
107 1.606071
108 1.640357
109 1.623214
110 1.637143
111 1.653214
112 1.602857
113 1.613571
114 1.620000
115 1.630714
116 1.663929
117 1.657500
118 1.620000
119 1.620000
120 1.590000
121 1.603929
122 1.600714
123 1.616786
124 1.590000
125 1.663929
126 481.113214
127 2.066786
128 1.740000
129 1.759286
130 1.689643
131 1.613571
132 1.676786
133 1.603929
134 1.646786
135 1.620000
136 1.645714
137 1.596429
138 1.607143
139 1.657500
140 1.577143
141 1.610357
142 1.602857
143 1.607143
144 1.615714
145 1.606071
146 1.623214
147 1.606071
148 1.580357
149 1.616786
150 1.616786
151 1.580357
152 1.613571
153 1.629643
154 1.620000
155 1.646786
156 1.580357
157 1.623214
158 469.550357
159 2.082857
160 1.732500
161 1.656429
162 1.690714
163 1.626429
164 1.683214
165 1.653214
166 1.640357
167 1.607143
168 1.620000
169 1.610357
170 1.580357
171 1.616786
172 1.616786
173 1.613571
174 1.576071
175 1.613571
176 1.607143
177 1.590000
178 1.577143
179 1.590000
180 1.599643
181 1.639286
182 1.637143
183 1.597500
184 1.640357
185 1.613571
186 1.579286
187 1.623214
188 1.642500
189 1.656429
190 468.653571
191 2.160000
192 1.696071
193 1.663929
194 1.686429
195 1.640357
196 1.667143
197 1.680000
198 1.639286
199 1.643571
200 1.656429
