  1 3.360000
  2 1.992857
  3 1.780714
  4 1.540714
  5 1.537500
  6 1.556786
  7 1.590000
  8 1.550357
  9 1.543929
 10 1.540714
 11 1.640357
 12 1.570714
 13 1.536429
 14 1.517143
 15 1.590000
 16 1.503214
 17 1.513929
 18 1.500000
 19 1.530000
 20 1.466786
 21 1.500000
 22 1.482857
 23 1.542857
 24 1.526786
 25 1.466786
 26 1.517143
 27 1.452857
 28 1.569643
 29 1.496786
 30 1.506429
 31 1.493571
 32 1.500000
 33 1.510714
 34 1.490357
 35 1.466786
 36 1.566429
 37 1.496786
 38 1.512857
 39 1.503214
 40 1.533214
 41 1.460357
 42 1.517143
 43 1.474286
 44 1.542857
 45 1.493571
 46 1.512857
 47 1.482857
 48 1.623214
 49 1.493571
 50 1.520357
 51 1.506429
 52 1.509643
 53 1.536429
 54 1.519286
 55 1.500000
 56 1.563214
 57 1.516071
 58 1.500000
 59 1.479643
 60 1.523571
 61 1.560000
 62 1.446429
 63 1.486071
 64 1.526786
 65 1.493571
 66 1.500000
 67 1.503214
 68 1.500000
 69 1.449643
 70 1.519286
 71 1.487143
 72 1.500000
 73 1.466786
 74 1.516071
 75 1.466786
 76 1.540714
 77 1.466786
 78 1.506429
 79 1.449643
 80 1.506429
 81 1.452857
 82 1.446429
 83 1.486071
 84 1.493571
 85 1.452857
 86 1.503214
 87 1.466786
 88 1.569643
 89 1.452857
 90 1.506429
 91 1.473214
 92 1.496786
 93 1.476429
 94 1.462500
 95 1.466786
 96 1.493571
 97 1.466786
 98 1.503214
 99 1.465714
100 1.462500
101 1.452857
102 1.510714
103 1.470000
104 1.566429
105 1.453929
106 1.512857
107 1.463571
108 1.519286
109 1.457143
110 1.585714
111 1.452857
112 1.596429
113 1.486071
114 1.492500
115 1.466786
116 1.533214
117 1.500000
118 1.446429
119 1.453929
120 1.536429
121 1.452857
122 1.460357
123 1.465714
124 1.543929
125 1.470000
126 1.463571
127 1.466786
128 1.506429
129 1.466786
130 3.760714
131 1.466786
132 1.550357
133 1.510714
134 1.519286
135 1.509643
136 1.453929
137 1.490357
138 1.453929
139 1.490357
140 1.473214
141 1.453929
142 1.503214
143 1.530000
144 1.446429
145 1.470000
146 1.503214
147 1.506429
148 1.517143
149 1.452857
150 1.446429
151 1.476429
152 1.500000
153 1.466786
154 1.500000
155 1.503214
156 1.510714
157 1.470000
158 1.503214
159 1.495714
160 1.489286
161 1.540714
162 1.477500
163 1.495714
164 1.523571
165 1.487143
166 1.503214
167 1.496786
168 1.496786
169 1.452857
170 1.507500
171 1.470000
172 1.509643
173 1.452857
174 1.503214
175 1.496786
176 1.507500
177 1.500000
178 3.740357
179 1.583571
180 1.513929
181 1.486071
182 1.486071
183 1.490357
184 1.506429
185 1.452857
186 1.459286
187 1.552500
188 1.517143
189 1.453929
190 1.500000
191 1.500000
192 1.496786
193 1.452857
194 1.500000
195 1.512857
196 1.503214
197 1.503214
198 1.489286
199 1.526786
200 1.503214
  1 209.992500
  2 274.320000
  3 23.094286
  4 118.247857
  5 1.650000
  6 237.057143
  7 1.677143
  8 1.602143
  9 1.587143
 10 1.509286
 11 1.503571
 12 1.502857
 13 1.551429
 14 385.572143
 15 1.755000
 16 1.443571
 17 1.400714
 18 1.425000
 19 1.392143
 20 1.395000
 21 1.440000
 22 1.455000
 23 1.410000
 24 1.427857
 25 1.410000
 26 1.505714
 27 1.568571
 28 1.541429
 29 1.532857
 30 605.627857
 31 1.695000
 32 1.532857
 33 1.410000
 34 1.395000
 35 1.389286
 36 1.404286
 37 1.430714
 38 1.392143
 39 1.392143
 40 1.412857
 41 1.362143
 42 1.355714
 43 1.355714
 44 1.416429
 45 1.355714
 46 1.359286
 47 1.382857
 48 1.391429
 49 1.362143
 50 1.368571
 51 1.358571
 52 1.403571
 53 1.353571
 54 1.347143
 55 1.371429
 56 1.380000
 57 1.328571
 58 1.355714
 59 1.374286
 60 1.367857
 61 1.400714
 62 555.945000
 63 1.757857
 64 1.446429
 65 1.433571
 66 1.398571
 67 1.404286
 68 1.404286
 69 1.404286
 70 1.425000
 71 1.388571
 72 1.442857
 73 1.451429
 74 1.425000
 75 1.380000
 76 1.352857
 77 1.367857
 78 1.434286
 79 1.373571
 80 1.382857
 81 1.358571
 82 1.359286
 83 1.365000
 84 1.367857
 85 1.347143
 86 1.400714
 87 1.467143
 88 1.365000
 89 1.358571
 90 1.385714
 91 1.355714
 92 1.373571
 93 1.385714
 94 523.635000
 95 1.700714
 96 1.418571
 97 1.407143
 98 1.416429
 99 1.427857
100 1.416429
101 1.389286
102 1.400714
103 1.410000
104 1.347143
105 1.362143
106 1.440000
107 1.407143
108 1.422143
109 1.352857
110 1.370714
111 1.358571
112 1.352857
113 1.367857
114 1.382857
115 1.713571
116 1.482143
117 1.445714
118 1.395000
119 1.404286
120 1.448571
121 1.421429
122 1.407143
123 1.377143
124 1.365000
125 1.401429
126 515.115000
127 1.622857
128 1.457857
129 1.437143
130 1.416429
131 1.395000
132 1.395000
133 1.346429
134 1.352857
135 1.361429
136 1.380000
137 1.299286
138 1.350000
139 1.380000
140 1.359286
141 1.370714
142 1.365000
143 1.374286
144 1.356429
145 1.359286
146 1.350000
147 1.323571
148 1.362143
149 1.374286
150 1.365000
151 1.352857
152 1.376429
153 1.400714
154 1.392143
155 1.463571
156 1.433571
157 1.382857
158 568.509286
159 1.800000
160 1.455000
161 1.419286
162 1.416429
163 1.412857
164 1.412857
165 1.382857
166 1.389286
167 1.397857
168 1.395000
169 1.395000
170 1.377143
171 1.410000
172 1.404286
173 1.352857
174 1.355714
175 1.352857
176 1.401429
177 1.371429
178 1.352857
179 1.392143
180 1.359286
181 1.440000
182 1.355714
183 1.383571
184 1.376429
185 1.352857
186 1.355714
187 1.380000
188 1.377143
189 1.400714
190 558.820714
191 1.870714
192 1.583571
193 1.540714
194 1.570714
195 1.520357
196 1.522500
197 1.530000
198 1.593214
199 1.560000
200 1.530000
