  1 223.410000
  2 268.569643
  3 79.413214
  4 2.166429
  5 1.860000
  6 286.100357
  7 2.143929
  8 1.867500
  9 1.776429
 10 1.762500
 11 1.706786
 12 1.713214
 13 1.746429
 14 374.033571
 15 2.112857
 16 1.853571
 17 1.730357
 18 1.803214
 19 1.740000
 20 1.822500
 21 1.730357
 22 1.676786
 23 1.610357
 24 1.657500
 25 1.656429
 26 1.670357
 27 1.596429
 28 1.637143
 29 1.659643
 30 576.356786
 31 2.087143
 32 1.733571
 33 1.726071
 34 1.730357
 35 1.699286
 36 1.856786
 37 1.710000
 38 1.697143
 39 1.657500
 40 1.663929
 41 1.650000
 42 1.640357
 43 1.606071
 44 1.610357
 45 1.599643
 46 1.646786
 47 1.696071
 48 1.670357
 49 1.616786
 50 1.629643
 51 1.609286
 52 1.683214
 53 1.696071
 54 1.676786
 55 1.612500
 56 1.662857
 57 1.673571
 58 1.596429
 59 1.696071
 60 1.680000
 61 1.662857
 62 445.346786
 63 2.060357
 64 1.723929
 65 1.717500
 66 1.733571
 67 1.719643
 68 1.763571
 69 1.713214
 70 1.726071
 71 1.700357
 72 1.720714
 73 1.700357
 74 1.700357
 75 1.646786
 76 1.696071
 77 1.656429
 78 1.703571
 79 1.610357
 80 1.697143
 81 1.673571
 82 1.675714
 83 1.659643
 84 1.676786
 85 1.646786
 86 1.703571
 87 1.640357
 88 1.740000
 89 1.683214
 90 1.673571
 91 1.636071
 92 1.689643
 93 1.643571
 94 465.660000
 95 2.060357
 96 1.743214
 97 1.676786
 98 1.710000
 99 1.663929
100 1.759286
101 1.719643
102 1.650000
103 1.623214
104 1.680000
105 1.620000
106 1.650000
107 1.659643
108 1.690714
109 1.607143
110 1.616786
111 1.670357
112 1.669286
113 1.693929
114 1.680000
115 1.656429
116 1.650000
117 1.654286
118 1.657500
119 1.653214
120 1.632857
121 1.620000
122 1.663929
123 1.662857
124 1.656429
125 1.636071
126 480.699643
127 2.063571
128 1.730357
129 1.700357
130 1.733571
131 1.680000
132 1.646786
133 1.716429
134 1.693929
135 1.716429
136 3.866786
137 1.703571
138 1.640357
139 1.650000
140 1.620000
141 1.670357
142 1.566429
143 1.676786
144 1.654286
145 1.613571
146 1.640357
147 1.669286
148 1.659643
149 1.659643
150 1.670357
151 1.672500
152 1.670357
153 1.616786
154 1.640357
155 1.680000
156 1.606071
157 1.586786
158 471.086786
159 2.119286
160 1.699286
161 1.706786
162 1.710000
163 1.686429
164 1.669286
165 1.667143
166 1.656429
167 1.673571
168 1.749643
169 1.683214
170 1.643571
171 1.676786
172 1.657500
173 1.653214
174 1.659643
175 1.659643
176 1.627500
177 1.643571
178 3.846429
179 1.689643
180 1.643571
181 1.633929
182 1.643571
183 1.616786
184 1.627500
185 1.663929
186 1.646786
187 1.620000
188 1.659643
189 1.630714
190 476.663571
191 2.136429
192 1.705714
193 1.717500
194 1.716429
195 1.716429
196 3.886071
197 1.673571
198 1.692857
199 1.650000
200 1.633929
