  1 3.446786
  2 2.136429
  3 1.813929
  4 1.577143
  5 1.553571
  6 1.563214
  7 1.577143
  8 1.519286
  9 1.506429
 10 1.523571
 11 1.640357
 12 1.530000
 13 1.523571
 14 1.500000
 15 1.620000
 16 1.510714
 17 1.523571
 18 1.489286
 19 1.543929
 20 1.520357
 21 1.509643
 22 1.493571
 23 1.563214
 24 1.530000
 25 1.569643
 26 1.536429
 27 1.466786
 28 1.503214
 29 1.517143
 30 1.506429
 31 1.460357
 32 1.496786
 33 1.675714
 34 1.539643
 35 1.463571
 36 1.533214
 37 1.500000
 38 1.519286
 39 1.506429
 40 1.556786
 41 1.546071
 42 1.470000
 43 1.506429
 44 1.516071
 45 1.450714
 46 1.567500
 47 1.506429
 48 1.590000
 49 1.500000
 50 1.536429
 51 1.509643
 52 1.560000
 53 1.500000
 54 1.517143
 55 1.500000
 56 1.572857
 57 1.463571
 58 1.506429
 59 1.506429
 60 1.473214
 61 1.569643
 62 1.543929
 63 1.456071
 64 1.563214
 65 1.452857
 66 1.509643
 67 1.493571
 68 1.503214
 69 1.486071
 70 1.490357
 71 1.496786
 72 1.503214
 73 1.457143
 74 1.556786
 75 1.456071
 76 1.563214
 77 1.457143
 78 1.503214
 79 1.457143
 80 1.479643
 81 1.456071
 82 1.509643
 83 31.294286
 84 2.166429
 85 1.563214
 86 1.566429
 87 1.546071
 88 1.620000
 89 1.542857
 90 1.566429
 91 1.547143
 92 1.583571
 93 1.576071
 94 1.583571
 95 1.516071
 96 1.540714
 97 1.519286
 98 1.506429
 99 1.503214
100 1.550357
101 1.560000
102 1.506429
103 1.493571
104 1.582500
105 1.473214
106 1.492500
107 1.460357
108 1.486071
109 1.456071
110 1.530000
111 1.457143
112 1.659643
113 1.519286
114 1.543929
115 1.523571
116 1.546071
117 1.493571
118 1.503214
119 1.530000
120 1.520357
121 1.506429
122 1.509643
123 1.490357
124 1.600714
125 1.470000
126 1.470000
127 1.523571
128 1.482857
129 1.526786
130 1.520357
131 1.542857
132 1.597500
133 1.487143
134 1.573929
135 1.513929
136 1.520357
137 1.500000
138 1.500000
139 1.523571
140 1.523571
141 1.503214
142 1.519286
143 1.476429
144 1.456071
145 1.506429
146 1.457143
147 3.743571
148 1.577143
149 1.500000
150 1.500000
151 1.539643
152 1.516071
153 1.500000
154 1.496786
155 1.496786
156 1.470000
157 1.483929
158 1.522500
159 1.506429
160 1.503214
161 1.500000
162 1.506429
163 1.487143
164 1.470000
165 1.500000
166 1.500000
167 1.500000
168 1.506429
169 1.457143
170 1.496786
171 3.743571
172 1.470000
173 1.506429
174 1.496786
175 1.500000
176 1.500000
177 1.512857
178 1.503214
179 1.520357
180 1.506429
181 1.506429
182 1.496786
183 1.500000
184 1.556786
185 1.496786
186 1.496786
187 1.482857
188 1.496786
189 1.457143
190 1.503214
191 1.496786
192 1.500000
193 1.503214
194 1.500000
195 1.496786
196 1.503214
197 1.500000
198 1.500000
199 1.496786
200 1.500000
  1 191.243571
  2 238.507500
  3 23.137500
  4 248.979643
  5 1.776429
  6 280.230000
  7 1.990714
  8 1.553571
  9 1.563214
 10 1.539643
 11 1.539643
 12 1.547143
 13 1.533214
 14 399.310714
 15 1.959643
 16 1.613571
 17 1.582500
 18 1.539643
 19 1.630714
 20 1.550357
 21 1.560000
 22 1.586786
 23 1.590000
 24 1.563214
 25 1.572857
 26 1.536429
 27 1.626429
 28 1.582500
 29 1.560000
 30 598.482857
 31 1.899643
 32 1.616786
 33 1.782857
 34 1.599643
 35 1.566429
 36 1.540714
 37 1.520357
 38 1.523571
 39 1.536429
 40 1.523571
 41 1.539643
 42 1.540714
 43 1.500000
 44 1.580357
 45 1.482857
 46 1.536429
 47 1.496786
 48 1.540714
 49 1.526786
 50 1.536429
 51 1.539643
 52 3.776786
 53 1.553571
 54 1.482857
 55 1.462500
 56 1.512857
 57 1.456071
 58 1.503214
 59 1.560000
 60 1.577143
 61 1.512857
 62 513.227143
 63 1.869643
 64 1.580357
 65 1.577143
 66 1.536429
 67 1.540714
 68 1.566429
 69 1.613571
 70 1.516071
 71 1.517143
 72 1.526786
 73 1.525714
 74 1.496786
 75 1.490357
 76 1.517143
 77 1.509643
 78 1.492500
 79 1.513929
 80 1.516071
 81 1.526786
 82 1.530000
 83 1.486071
 84 1.533214
 85 1.537500
 86 1.563214
 87 1.503214
 88 1.489286
 89 1.530000
 90 1.560000
 91 1.506429
 92 1.506429
 93 1.540714
 94 511.760357
 95 2.046429
 96 1.620000
 97 1.586786
 98 1.546071
 99 1.530000
100 1.602857
101 1.543929
102 1.492500
103 1.536429
104 1.506429
105 1.516071
106 1.486071
107 1.530000
108 1.530000
109 1.480714
110 1.492500
111 1.500000
112 1.539643
113 1.507500
114 1.490357
115 1.970357
116 1.600714
117 1.579286
118 1.552500
119 1.563214
120 1.569643
121 1.553571
122 1.586786
123 1.593214
124 1.610357
125 1.513929
126 533.350714
127 1.910357
128 1.566429
129 1.553571
130 1.547143
131 1.536429
132 1.590000
133 1.550357
134 1.519286
135 1.566429
136 1.560000
137 1.526786
138 1.523571
139 1.493571
140 1.523571
141 1.503214
142 1.526786
143 1.563214
144 1.489286
145 1.526786
146 1.492500
147 1.490357
148 1.489286
149 1.493571
150 1.463571
151 1.517143
152 1.539643
153 1.577143
154 1.663929
155 1.603929
156 1.533214
157 1.580357
158 559.607143
159 1.830000
160 1.555714
161 1.567500
162 1.543929
163 1.563214
164 1.536429
165 1.560000
166 1.547143
167 1.546071
168 1.500000
169 1.486071
170 1.517143
171 1.487143
172 1.496786
173 1.496786
174 1.523571
175 1.530000
176 1.496786
177 1.510714
178 1.530000
179 1.500000
180 1.536429
181 1.506429
182 1.507500
183 1.500000
184 1.583571
185 1.579286
186 1.512857
187 1.566429
188 1.530000
189 1.537500
190 550.156071
191 1.903929
192 1.583571
193 1.607143
194 1.553571
195 1.572857
196 1.550357
197 1.579286
198 1.539643
199 1.533214
200 1.536429
