  1 248.950714
  2 300.476786
  3 81.382500
  4 1.783929
  5 1.623214
  6 324.590357
  7 1.943571
  8 1.670357
  9 1.623214
 10 1.630714
 11 1.546071
 12 1.610357
 13 1.599643
 14 742.023214
 15 1.929643
 16 1.623214
 17 1.627500
 18 1.616786
 19 1.616786
 20 1.610357
 21 1.620000
 22 1.616786
 23 1.616786
 24 1.602857
 25 1.522500
 26 1.537500
 27 1.563214
 28 1.586786
 29 0.550714
 30 3375.743214
 31 1.212500
 32 1.002143
 33 0.942500
 34 0.940714
 35 0.935357
 36 0.960000
 37 0.937143
 38 0.945714
 39 0.930000
 40 0.961786
 41 0.940714
 42 0.946071
 43 0.931786
 44 0.949643
 45 0.931786
 46 0.942500
 47 0.943929
 48 0.981071
 49 0.912500
 50 0.901786
 51 0.912500
 52 0.933571
 53 0.910714
 54 0.905357
 55 0.905357
 56 0.942143
 57 0.905357
 58 0.919286
 59 0.916071
 60 0.910714
 61 0.922857
 62 2089.050000
 63 1.166429
 64 0.991786
 65 0.952857
 66 0.956429
 67 0.945714
 68 0.982857
 69 0.960000
 70 0.944286
 71 0.953214
 72 1.002143
 73 0.951071
 74 0.940714
 75 0.952857
 76 0.952857
 77 0.924643
 78 0.922857
 79 0.913929
 80 0.952857
 81 0.910714
 82 0.917500
 83 0.908929
 84 0.968929
 85 0.914286
 86 0.907143
 87 0.912143
 88 0.926429
 89 0.913929
 90 0.907143
 91 0.910714
 92 0.954643
 93 0.930000
 94 2097.111429
 95 1.136429
 96 2.302857
 97 0.947500
 98 0.952857
 99 0.931786
100 0.961786
101 0.947500
102 0.943929
103 0.930000
104 0.921071
105 0.907143
106 0.913929
107 0.905357
108 0.931786
109 0.917500
110 0.947500
111 0.912500
112 0.936786
113 0.913929
114 0.905357
115 0.910357
116 0.931786
117 0.908929
118 0.903571
119 0.907143
120 0.930000
121 0.907143
122 0.903571
123 0.908571
124 0.946071
125 0.912500
126 2103.132143
127 1.117143
128 0.947500
129 0.951071
130 0.930000
131 0.945714
132 0.970357
133 0.910357
134 0.963571
135 0.910714
136 0.913929
137 0.922857
138 0.905357
139 0.937143
140 0.926429
141 0.908929
142 0.910357
143 0.903571
144 0.912143
145 0.905357
146 0.905000
147 0.906786
148 0.912500
149 0.901786
150 0.903571
151 0.907143
152 0.905000
153 0.903571
154 0.905357
155 0.903571
156 0.938929
157 0.903571
158 2227.177143
159 1.161071
160 4.080714
161 1.097143
162 1.073571
163 1.088571
164 1.067143
165 1.047857
166 1.052143
167 1.045714
168 1.069286
169 1.045714
170 1.058571
171 1.032857
172 1.086429
173 1.045714
174 1.058571
175 1.035000
176 1.037143
177 1.043571
178 1.058571
179 1.030714
180 1.088571
181 1.047857
182 1.065000
183 1.043571
184 1.056429
185 1.045714
186 1.073571
187 1.052143
188 1.103571
189 1.045714
190 3197.937857
191 1.330714
192 1.103571
193 1.092857
194 1.084286
195 1.112143
196 1.105714
197 1.082143
198 1.092857
199 1.080000
200 1.092857
  1 243.017143
  2 258.257143
  3 23.096786
  4 250.493571
  5 1.786071
  6 301.650000
  7 1.790357
  8 1.556786
  9 1.646786
 10 1.533214
 11 1.533214
 12 1.593214
 13 1.590000
 14 402.646071
 15 1.834286
 16 1.602857
 17 1.594286
 18 1.599643
 19 1.645714
 20 1.577143
 21 1.576071
 22 1.593214
 23 1.569643
 24 1.577143
 25 1.546071
 26 1.526786
 27 1.560000
 28 1.602857
 29 1.613571
 30 622.999286
 31 1.839643
 32 1.583571
 33 1.602857
 34 1.553571
 35 1.536429
 36 1.553571
 37 1.539643
 38 1.547143
 39 1.543929
 40 1.563214
 41 1.546071
 42 1.550357
 43 1.509643
 44 1.542857
 45 1.506429
 46 1.523571
 47 1.526786
 48 1.500000
 49 1.612500
 50 1.500000
 51 1.519286
 52 1.500000
 53 1.496786
 54 1.496786
 55 1.560000
 56 1.523571
 57 1.512857
 58 1.517143
 59 1.504286
 60 1.500000
 61 1.500000
 62 573.372857
 63 1.886786
 64 1.549286
 65 1.550357
 66 1.632857
 67 1.556786
 68 1.583571
 69 1.539643
 70 1.546071
 71 1.542857
 72 1.536429
 73 1.590000
 74 1.556786
 75 1.553571
 76 1.553571
 77 1.509643
 78 1.540714
 79 1.500000
 80 1.466786
 81 1.523571
 82 1.483929
 83 1.487143
 84 1.523571
 85 1.533214
 86 1.506429
 87 1.503214
 88 1.520357
 89 1.503214
 90 1.607143
 91 1.503214
 92 1.547143
 93 1.509643
 94 567.060000
 95 1.803214
 96 1.573929
 97 1.537500
 98 1.540714
 99 1.556786
100 1.560000
101 1.547143
102 1.512857
103 1.569643
104 1.506429
105 1.503214
106 1.503214
107 1.526786
108 1.516071
109 1.509643
110 1.486071
111 1.519286
112 1.503214
113 1.885714
114 1.567500
115 1.583571
116 1.560000
117 1.543929
118 1.590000
119 1.512857
120 1.553571
121 1.487143
122 1.526786
123 1.517143
124 1.504286
125 1.563214
126 561.369643
127 1.820357
128 1.606071
129 1.560000
130 1.572857
131 1.543929
132 1.613571
133 1.539643
134 1.566429
135 1.495714
136 1.493571
137 1.526786
138 1.530000
139 1.504286
140 1.520357
141 1.496786
142 1.549286
143 1.523571
144 1.530000
145 1.510714
146 1.526786
147 1.509643
148 1.530000
149 1.533214
150 1.530000
151 1.517143
152 1.526786
153 1.586786
154 1.632857
155 1.556786
156 1.543929
157 1.590000
158 567.470357
159 1.890000
160 1.686429
161 1.719643
162 1.696071
163 1.563214
164 1.553571
165 1.603929
166 1.569643
167 1.572857
168 1.569643
169 1.706786
170 1.566429
171 1.576071
172 1.523571
173 1.542857
174 1.520357
175 1.506429
176 1.509643
177 1.530000
178 1.487143
179 1.500000
180 1.500000
181 1.542857
182 1.510714
183 1.530000
184 1.534286
185 1.530000
186 1.486071
187 1.600714
188 1.503214
189 1.536429
190 512.993571
191 1.816071
192 1.542857
193 1.596429
194 1.570714
195 1.597500
196 1.536429
197 1.516071
198 1.533214
199 1.585714
200 1.510714
