  1 171.492500
  2 249.725357
  3 78.506071
  4 1.330357
  5 1.045000
  6 278.763214
  7 1.341071
  8 1.078214
  9 1.153929
 10 1.194643
 11 1.175357
 12 1.136429
 13 1.170000
 14 439.256429
 15 1.258214
 16 1.071071
 17 1.080000
 18 1.018214
 19 1.034286
 20 0.976071
 21 0.947500
 22 1.020000
 23 1.066071
 24 1.037500
 25 1.080000
 26 1.055357
 27 1.050000
 28 1.075000
 29 1.055357
 30 585.571786
 31 1.212500
 32 1.108214
 33 1.148571
 34 1.016429
 35 1.080000
 36 1.057143
 37 1.108214
 38 1.085357
 39 1.034286
 40 1.044643
 41 1.085357
 42 1.055357
 43 1.072857
 44 1.078214
 45 1.002500
 46 1.067500
 47 1.039286
 48 1.074643
 49 1.085357
 50 1.078214
 51 1.095714
 52 1.018214
 53 1.048214
 54 1.057143
 55 1.007500
 56 1.057143
 57 1.048214
 58 1.051786
 59 1.071429
 60 1.060714
 61 1.051786
 62 558.382857
 63 1.282857
 64 1.125714
 65 1.106429
 66 1.104643
 67 1.102857
 68 1.106429
 69 1.090714
 70 1.125714
 71 1.064286
 72 0.995357
 73 1.014643
 74 1.087143
 75 1.071071
 76 1.062500
 77 1.060714
 78 1.080000
 79 1.087143
 80 1.025357
 81 1.044643
 82 1.093929
 83 1.044643
 84 1.048214
 85 1.087143
 86 1.071071
 87 1.046429
 88 1.016429
 89 1.063929
 90 1.067500
 91 1.078214
 92 1.099286
 93 1.044643
 94 546.741071
 95 1.231786
 96 1.025357
 97 1.104643
 98 1.028929
 99 1.094286
100 1.108214
101 1.025357
102 1.048214
103 1.080000
104 1.073214
105 1.085357
106 1.076429
107 1.074643
108 1.025357
109 1.025357
110 0.997143
111 1.002500
112 0.960000
113 0.965357
114 0.975714
115 0.986429
116 0.975714
117 0.988214
118 0.974286
119 0.997143
120 0.984643
121 0.984643
122 1.009643
123 1.020000
124 1.081786
125 1.065714
126 514.092143
127 1.273929
128 1.053571
129 1.097500
130 1.116786
131 1.027143
132 1.055357
133 1.096071
134 1.101429
135 1.092500
136 1.092143
137 1.102857
138 1.083571
139 1.073214
140 1.005714
141 1.063929
142 1.058929
143 0.981429
144 0.988214
145 0.990000
146 0.982857
147 0.995357
148 0.997143
149 1.000714
150 1.042857
151 1.095714
152 1.090714
153 1.057143
154 1.005714
155 1.078214
156 1.088929
157 0.998571
158 514.426071
159 1.258214
160 1.081786
161 1.126071
162 1.127500
163 1.120714
164 1.113571
165 1.120714
166 1.087143
167 1.016429
168 1.072857
169 1.092143
170 1.071071
171 1.000714
172 1.062500
173 1.095714
174 1.021786
175 1.104643
176 1.067500
177 1.074643
178 1.009643
179 1.062500
180 1.102857
181 1.016429
182 1.048214
183 1.081786
184 1.041071
185 1.069286
186 1.051786
187 1.005714
188 1.057143
189 1.092500
190 643.159286
191 2.007143
192 1.710000
193 1.542143
194 1.689286
195 1.665000
196 1.643571
197 1.620000
198 1.595714
199 1.647143
200 1.643571
