  1 197.309286
  2 264.366429
  3 78.323214
  4 1.052857
  5 0.871429
  6 284.862857
  7 2.126786
  8 1.839643
  9 0.898571
 10 0.821429
 11 0.872857
 12 0.855714
 13 0.884286
 14 337.772857
 15 0.958571
 16 0.824286
 17 0.828571
 18 0.824286
 19 0.825714
 20 0.827143
 21 0.817143
 22 0.805714
 23 0.791429
 24 0.804286
 25 0.794286
 26 0.798571
 27 0.792857
 28 0.811429
 29 0.802857
 30 620.581429
 31 1.044286
 32 0.831429
 33 0.847143
 34 0.827143
 35 0.770000
 36 0.792857
 37 0.798571
 38 0.785714
 39 0.780000
 40 0.768571
 41 0.781429
 42 0.801429
 43 0.782857
 44 0.794286
 45 0.787143
 46 0.792857
 47 0.801429
 48 0.794286
 49 0.780000
 50 0.788571
 51 0.794286
 52 0.798571
 53 0.797143
 54 0.788571
 55 0.780000
 56 0.780000
 57 0.794286
 58 0.775714
 59 0.768571
 60 0.772857
 61 0.790000
 62 545.655714
 63 1.022857
 64 0.841429
 65 0.847143
 66 0.818571
 67 0.808571
 68 0.824286
 69 0.820000
 70 0.811429
 71 0.820000
 72 0.785714
 73 0.760000
 74 0.761429
 75 0.781429
 76 0.772857
 77 0.772857
 78 0.785714
 79 0.780000
 80 0.777143
 81 0.780000
 82 0.785714
 83 0.754286
 84 0.780000
 85 0.754286
 86 0.782857
 87 0.760000
 88 0.790000
 89 0.771429
 90 0.774286
 91 0.777143
 92 0.787143
 93 0.842857
 94 579.432857
 95 1.044286
 96 0.840000
 97 0.825714
 98 0.828571
 99 0.817143
100 0.818571
101 0.822857
102 0.808571
103 0.794286
104 0.801429
105 0.790000
106 0.774286
107 0.795714
108 0.790000
109 0.798571
110 0.797143
111 0.795714
112 0.797143
113 0.788571
114 0.805714
115 0.780000
116 0.775714
117 0.797143
118 0.791429
119 0.775714
120 0.780000
121 0.795714
122 0.770000
123 0.798571
124 0.780000
125 0.804286
126 576.995714
127 0.998571
128 0.828571
129 0.862857
130 0.840000
131 0.821429
132 0.805714
133 0.827143
134 0.764286
135 0.800000
136 0.784286
137 0.794286
138 0.798571
139 0.798571
140 0.775714
141 0.782857
142 0.784286
143 0.778571
144 0.784286
145 0.792857
146 0.784286
147 0.784286
148 0.788571
149 0.794286
150 0.777143
151 0.800000
152 0.804286
153 0.792857
154 0.778571
155 0.794286
156 0.802857
157 0.798571
158 590.582857
159 1.018571
160 0.854286
161 0.848571
162 0.817143
163 0.842857
164 0.780000
165 0.797143
166 0.811429
167 0.781429
168 0.790000
169 0.801429
170 0.794286
171 0.802857
172 0.812857
173 0.780000
174 0.784286
175 0.797143
176 0.777143
177 0.812857
178 0.800000
179 0.797143
180 0.800000
181 0.797143
182 0.812857
183 0.794286
184 0.798571
185 0.801429
186 0.795714
187 0.792857
188 0.792857
189 0.792857
190 546.050000
191 1.028571
192 0.834286
193 0.881429
194 0.837143
195 0.825714
196 0.798571
197 0.808571
198 0.830000
199 0.811429
200 0.800000
