  1 210.923571
  2 211.550357
  3 78.480000
  4 2.036786
  5 1.886786
  6 238.176429
  7 2.050714
  8 1.670357
  9 114.570000
 10 1.789286
 11 1.896429
 12 1.740000
 13 1.719643
 14 244.669286
 15 2.220000
 16 1.719643
 17 1.850357
 18 1.890000
 19 1.756071
 20 1.866429
 21 1.820357
 22 1.746429
 23 1.833214
 24 1.803214
 25 1.810714
 26 1.650000
 27 1.762500
 28 1.683214
 29 1.823571
 30 546.262500
 31 2.057143
 32 1.882500
 33 1.920000
 34 1.812857
 35 1.869643
 36 1.646786
 37 1.806429
 38 1.680000
 39 1.816071
 40 1.834286
 41 1.710000
 42 1.840714
 43 1.869643
 44 1.850357
 45 1.776429
 46 1.793571
 47 1.763571
 48 1.800000
 49 1.646786
 50 1.793571
 51 1.656429
 52 1.736786
 53 1.690714
 54 1.757143
 55 1.636071
 56 1.717500
 57 1.796786
 58 1.630714
 59 1.716429
 60 1.640357
 61 1.716429
 62 430.659643
 63 2.040000
 64 1.883571
 65 1.686429
 66 1.823571
 67 1.723929
 68 1.876071
 69 1.822500
 70 1.894286
 71 1.849286
 72 1.860000
 73 1.779643
 74 1.803214
 75 1.770000
 76 1.787143
 77 1.697143
 78 1.736786
 79 1.656429
 80 1.800000
 81 1.803214
 82 1.639286
 83 1.779643
 84 1.759286
 85 1.826786
 86 1.806429
 87 1.776429
 88 1.793571
 89 1.783929
 90 1.770000
 91 1.796786
 92 1.683214
 93 1.716429
 94 428.906786
 95 2.066786
 96 1.826786
 97 1.740000
 98 4.013571
 99 1.833214
100 1.703571
101 1.770000
102 1.792500
103 1.726071
104 1.806429
105 1.800000
106 1.806429
107 1.809643
108 1.757143
109 1.804286
110 1.812857
111 1.746429
112 1.783929
113 1.793571
114 1.796786
115 1.730357
116 1.820357
117 1.773214
118 1.700357
119 1.639286
120 1.763571
121 1.803214
122 1.823571
123 1.743214
124 1.673571
125 1.633929
126 445.689643
127 2.213571
128 1.886786
129 1.676786
130 1.796786
131 1.710000
132 1.826786
133 1.705714
134 1.779643
135 1.663929
136 1.759286
137 1.719643
138 1.800000
139 1.667143
140 1.776429
141 1.656429
142 1.730357
143 1.853571
144 1.680000
145 1.806429
146 1.719643
147 1.773214
148 1.699286
149 1.732500
150 1.673571
151 1.790357
152 1.713214
153 1.780714
154 1.846071
155 1.670357
156 1.683214
157 1.773214
158 470.913214
159 2.100000
160 1.710000
161 1.819286
162 1.719643
163 1.803214
164 1.726071
165 1.760357
166 1.826786
167 1.833214
168 1.662857
169 1.623214
170 1.777500
171 1.680000
172 1.765714
173 1.860000
174 1.706786
175 1.796786
176 1.697143
177 1.770000
178 1.776429
179 1.646786
180 1.780714
181 1.692857
182 1.776429
183 1.706786
184 1.800000
185 1.683214
186 1.753929
187 1.683214
188 1.795714
189 1.770000
190 445.016786
191 2.133214
192 1.876071
193 1.847143
194 1.826786
195 1.656429
196 1.749643
197 1.676786
198 1.757143
199 1.680000
200 1.710000
