  1 205.609286
  2 255.853929
  3 80.977500
  4 2.169643
  5 1.692857
  6 231.519643
  7 1.939286
  8 1.903929
  9 1.766786
 10 1.796786
 11 1.806429
 12 1.766786
 13 3.947143
 14 369.577500
 15 2.019643
 16 1.706786
 17 1.806429
 18 1.880357
 19 1.710000
 20 1.839643
 21 1.863214
 22 1.773214
 23 1.740000
 24 1.776429
 25 1.736786
 26 1.642500
 27 1.749643
 28 1.789286
 29 1.822500
 30 622.686429
 31 2.220000
 32 1.686429
 33 1.902857
 34 1.839643
 35 1.853571
 36 1.836429
 37 1.792500
 38 1.860000
 39 1.836429
 40 1.796786
 41 1.830000
 42 1.650000
 43 1.602857
 44 1.736786
 45 1.776429
 46 1.756071
 47 1.809643
 48 1.782857
 49 1.803214
 50 1.672500
 51 1.642500
 52 1.653214
 53 1.779643
 54 1.759286
 55 1.777500
 56 1.816071
 57 1.809643
 58 1.843929
 59 1.766786
 60 1.820357
 61 1.813929
 62 456.680357
 63 2.050714
 64 1.766786
 65 1.833214
 66 1.866429
 67 1.727143
 68 1.807500
 69 1.680000
 70 1.852500
 71 1.790357
 72 1.795714
 73 1.796786
 74 1.676786
 75 1.727143
 76 1.800000
 77 1.650000
 78 1.729286
 79 1.813929
 80 1.616786
 81 1.703571
 82 1.773214
 83 1.803214
 84 1.770000
 85 1.650000
 86 1.740000
 87 1.632857
 88 1.699286
 89 1.746429
 90 1.640357
 91 1.732500
 92 1.766786
 93 1.616786
 94 462.906429
 95 2.006786
 96 1.676786
 97 1.749643
 98 1.843929
 99 1.847143
100 1.833214
101 1.843929
102 1.740000
103 1.789286
104 1.776429
105 1.776429
106 1.800000
107 1.770000
108 1.752857
109 1.807500
110 1.650000
111 1.776429
112 1.736786
113 1.783929
114 1.782857
115 1.806429
116 1.636071
117 1.726071
118 1.760357
119 1.790357
120 1.749643
121 1.659643
122 1.716429
123 1.719643
124 1.760357
125 1.736786
126 465.830357
127 2.013214
128 1.690714
129 1.830000
130 1.703571
131 1.843929
132 1.786071
133 1.879286
134 1.730357
135 1.796786
136 1.809643
137 1.673571
138 1.773214
139 1.812857
140 1.669286
141 1.866429
142 1.656429
143 1.740000
144 1.793571
145 1.653214
146 1.770000
147 1.806429
148 1.673571
149 1.760357
150 1.629643
151 1.746429
152 1.670357
153 1.773214
154 1.663929
155 1.757143
156 1.730357
157 1.703571
158 436.656429
159 2.126786
160 1.703571
161 1.830000
162 1.850357
163 1.883571
164 1.766786
165 1.850357
166 1.697143
167 1.800000
168 1.850357
169 1.777500
170 1.787143
171 1.770000
172 1.825714
173 1.792500
174 1.777500
175 1.793571
176 1.776429
177 1.749643
178 1.777500
179 1.823571
180 1.786071
181 1.773214
182 1.760357
183 1.792500
184 1.820357
185 1.863214
186 1.650000
187 1.796786
188 1.796786
189 1.792500
190 467.450357
191 2.023929
192 1.713214
193 1.856786
194 1.869643
195 1.900714
196 1.877143
197 1.800000
198 1.803214
199 1.806429
200 1.766786
