  1 3.440357
  2 1.976786
  3 1.773214
  4 1.710000
  5 1.510714
  6 1.500000
  7 1.583571
  8 1.490357
  9 1.476429
 10 1.504286
 11 1.656429
 12 1.490357
 13 1.473214
 14 1.496786
 15 1.577143
 16 1.482857
 17 1.490357
 18 1.500000
 19 1.520357
 20 1.487143
 21 1.473214
 22 1.496786
 23 1.509643
 24 1.530000
 25 1.506429
 26 1.507500
 27 1.496786
 28 1.530000
 29 1.503214
 30 1.493571
 31 1.489286
 32 1.506429
 33 1.496786
 34 1.506429
 35 1.496786
 36 1.569643
 37 1.509643
 38 1.500000
 39 1.504286
 40 1.539643
 41 1.463571
 42 1.506429
 43 1.506429
 44 1.530000
 45 1.503214
 46 1.517143
 47 1.482857
 48 1.553571
 49 1.459286
 50 1.500000
 51 1.536429
 52 1.530000
 53 1.512857
 54 1.533214
 55 1.509643
 56 1.596429
 57 1.503214
 58 1.496786
 59 1.493571
 60 1.480714
 61 1.493571
 62 1.509643
 63 1.487143
 64 1.512857
 65 1.457143
 66 1.453929
 67 1.504286
 68 1.493571
 69 1.449643
 70 1.506429
 71 1.500000
 72 1.533214
 73 1.476429
 74 1.513929
 75 1.487143
 76 1.543929
 77 1.463571
 78 1.453929
 79 1.459286
 80 1.482857
 81 1.459286
 82 1.493571
 83 1.486071
 84 1.493571
 85 1.503214
 86 1.500000
 87 1.506429
 88 1.523571
 89 1.487143
 90 1.510714
 91 1.493571
 92 1.503214
 93 1.466786
 94 1.473214
 95 1.463571
 96 1.533214
 97 1.462500
 98 1.453929
 99 1.459286
100 1.460357
101 1.449643
102 1.453929
103 1.459286
104 1.533214
105 1.512857
106 1.443214
107 1.460357
108 1.526786
109 1.447500
110 1.496786
111 1.459286
112 1.547143
113 1.483929
114 1.496786
115 1.463571
116 1.533214
117 1.500000
118 1.473214
119 1.463571
120 1.553571
121 1.460357
122 1.482857
123 1.459286
124 1.586786
125 1.460357
126 1.473214
127 1.463571
128 1.466786
129 1.503214
130 1.462500
131 1.462500
132 1.590000
133 1.509643
134 1.530000
135 1.460357
136 1.486071
137 1.480714
138 1.466786
139 1.450714
140 1.473214
141 1.503214
142 1.440000
143 1.493571
144 1.487143
145 1.490357
146 1.486071
147 1.463571
148 1.520357
149 1.510714
150 1.492500
151 1.486071
152 1.507500
153 1.496786
154 1.490357
155 1.490357
156 1.496786
157 1.482857
158 1.489286
159 1.452857
160 1.460357
161 1.449643
162 1.476429
163 1.482857
164 1.530000
165 1.496786
166 1.500000
167 1.487143
168 1.496786
169 1.487143
170 1.490357
171 1.486071
172 1.496786
173 1.493571
174 1.490357
175 1.466786
176 1.460357
177 1.479643
178 1.460357
179 1.503214
180 1.517143
181 1.487143
182 1.500000
183 1.492500
184 1.512857
185 1.459286
186 1.450714
187 1.520357
188 1.496786
189 1.516071
190 1.457143
191 1.463571
192 1.490357
193 1.462500
194 1.450714
195 1.500000
196 1.452857
197 1.530000
198 1.466786
199 1.482857
200 1.453929
