  1 2.700000
  2 1.536429
  3 1.262143
  4 1.131429
  5 1.129286
  6 1.118571
  7 1.142143
  8 1.080000
  9 1.073571
 10 1.077857
 11 1.152857
 12 1.086429
 13 1.075714
 14 4.065000
 15 1.146429
 16 1.069286
 17 1.084286
 18 1.067143
 19 1.071429
 20 1.084286
 21 1.099286
 22 1.075714
 23 1.084286
 24 1.065000
 25 1.082143
 26 1.127143
 27 1.101429
 28 3.486429
 29 1.088571
 30 1.107857
 31 11.515714
 32 1.223571
 33 1.234286
 34 1.112143
 35 1.112143
 36 1.116429
 37 1.084286
 38 1.058571
 39 1.071429
 40 1.071429
 41 1.069286
 42 3.754286
 43 1.065000
 44 1.073571
 45 1.092857
 46 1.131429
 47 1.073571
 48 1.144286
 49 1.067143
 50 1.065000
 51 1.071429
 52 1.088571
 53 1.050000
 54 1.058571
 55 1.092857
 56 3.552857
 57 1.075714
 58 1.105714
 59 1.067143
 60 1.067143
 61 1.056429
 62 1.082143
 63 1.067143
 64 1.090714
 65 1.067143
 66 1.062857
 67 1.045714
 68 1.071429
 69 1.058571
 70 3.428571
 71 1.052143
 72 1.084286
 73 1.041429
 74 1.060714
 75 1.073571
 76 1.073571
 77 1.050000
 78 1.056429
 79 1.071429
 80 1.067143
 81 1.045714
 82 1.067143
 83 1.082143
 84 3.424286
 85 1.060714
 86 1.067143
 87 1.047857
 88 1.075714
 89 1.067143
 90 1.080000
 91 1.065000
 92 1.082143
 93 1.060714
 94 1.054286
 95 1.065000
 96 1.103571
 97 1.054286
 98 3.477857
 99 1.086429
100 1.060714
101 1.054286
102 1.227857
103 1.082143
104 1.125000
105 1.073571
106 1.084286
107 1.047857
108 1.071429
109 1.056429
110 1.107857
111 1.071429
112 3.503571
113 1.157143
114 1.067143
115 1.062857
116 1.082143
117 1.065000
118 1.077857
119 1.052143
120 1.086429
121 1.073571
122 1.092857
123 1.056429
124 1.101429
125 1.058571
126 3.488571
127 1.157143
128 1.069286
129 1.062857
130 1.058571
131 1.056429
132 1.172143
133 1.077857
134 1.129286
135 1.058571
136 1.071429
137 1.069286
138 1.056429
139 1.075714
140 3.456429
141 1.146429
142 1.071429
143 1.067143
144 1.088571
145 1.065000
146 1.069286
147 1.073571
148 1.071429
149 1.058571
150 1.077857
151 1.056429
152 1.082143
153 1.056429
154 3.349286
155 1.148571
156 1.073571
157 1.077857
158 1.077857
159 1.071429
160 1.071429
161 1.071429
162 1.075714
163 1.073571
164 1.058571
165 1.052143
166 1.075714
167 1.071429
168 3.396429
169 1.150714
170 1.069286
171 1.082143
172 1.082143
173 1.075714
174 1.069286
175 1.067143
176 1.071429
177 1.073571
178 1.071429
179 1.073571
180 1.107857
181 1.071429
182 3.355714
183 1.140000
184 1.075714
185 1.060714
186 1.082143
187 1.082143
188 1.127143
189 1.069286
190 1.077857
191 1.071429
192 1.069286
193 1.056429
194 1.071429
195 1.062857
196 3.452143
197 1.137857
198 1.077857
199 1.067143
200 1.082143
  1 9435.416786
  2 318.783214
  3 25.823571
  4 187.410000
  5 1.803214
  6 341.280000
  7 1.756071
  8 1.705714
  9 1.563214
 10 1.594286
 11 1.585714
 12 1.596429
 13 1.549286
 14 1066.426071
 15 1.886786
 16 1.760357
 17 1.583571
 18 1.586786
 19 1.580357
 20 1.583571
 21 1.556786
 22 1.537500
 23 3.762857
 24 1.546071
 25 1.620000
 26 1.673571
 27 1.673571
 28 1.720714
 29 1.699286
 30 2116.160357
 31 1.806429
 32 1.590000
 33 1.706786
 34 1.570714
 35 1.556786
 36 1.560000
 37 1.547143
 38 1.560000
 39 1.470000
 40 1.536429
 41 1.470000
 42 1.542857
 43 1.473214
 44 1.473214
 45 1.453929
 46 1.503214
 47 1.486071
 48 1.586786
 49 1.530000
 50 1.507500
 51 1.503214
 52 1.470000
 53 1.503214
 54 1.466786
 55 1.503214
 56 1.543929
 57 1.462500
 58 1.470000
 59 1.486071
 60 1.489286
 61 1.522500
 62 3321.060000
 63 1.962857
 64 1.563214
 65 1.530000
 66 1.560000
 67 1.543929
 68 1.543929
 69 1.539643
 70 0.568929
 71 0.536786
 72 0.641786
 73 0.561429
 74 0.595714
 75 0.592500
 76 0.611786
 77 0.598929
 78 0.598929
 79 0.586071
 80 0.583929
 81 0.583929
 82 0.598929
 83 0.587143
 84 0.585000
 85 0.586071
 86 0.592500
 87 0.593571
 88 0.582857
 89 0.601071
 90 0.594643
 91 0.612857
 92 0.595714
 93 0.588214
 94 2081.893929
 95 1.849286
 96 1.596429
 97 1.706786
 98 1.683214
 99 1.650000
100 1.650000
101 0.610714
102 0.598929
103 0.597857
104 0.595714
105 0.595714
106 0.596786
107 0.553929
108 0.548571
109 0.537857
110 0.534643
111 0.538929
112 0.549643
113 0.550714
114 0.550714
115 0.724286
116 0.595714
117 0.565714
118 0.564643
119 0.562500
120 0.577500
121 0.565714
122 0.552857
123 0.545357
124 0.547500
125 0.551786
126 2088.788571
127 1.967143
128 1.552500
129 1.573929
130 1.542857
131 1.639286
132 1.533214
133 4.464643
134 0.565714
135 0.631071
136 0.551786
137 0.545357
138 0.541071
139 0.540000
140 0.541071
141 0.536786
142 0.542143
143 0.540000
144 0.541071
145 0.606429
146 0.544286
147 0.540000
148 0.542143
149 0.538929
150 0.538929
151 0.546429
152 0.562500
153 0.579643
154 0.571071
155 0.594643
156 0.566786
157 0.566786
158 2106.401786
159 1.866429
160 1.697143
161 1.615714
162 1.569643
163 1.566429
164 1.560000
165 1.543929
166 0.570000
167 0.623571
168 0.564643
169 0.563571
170 0.567857
171 0.558214
172 0.540000
173 0.541071
174 0.564643
175 0.557143
176 0.548571
177 0.548571
178 0.544286
179 0.545357
180 0.542143
181 0.548571
182 0.558214
183 0.541071
184 0.565714
185 0.536786
186 0.542143
187 0.546429
188 0.543214
189 0.555000
190 2104.710000
191 1.896429
192 1.572857
193 1.523571
194 1.539643
195 1.542857
196 1.616786
197 1.530000
198 1.496786
199 3.605357
200 0.540000
