  1 164.277857
  2 212.951786
  3 78.043929
  4 0.741429
  5 0.657857
  6 284.128929
  7 2.053929
  8 1.759286
  9 1.706786
 10 1.883571
 11 1.716429
 12 1.730357
 13 1.713214
 14 325.368214
 15 0.774643
 16 0.649286
 17 0.632143
 18 0.649286
 19 0.597857
 20 0.609643
 21 0.596786
 22 0.607500
 23 0.608571
 24 0.594643
 25 0.603214
 26 0.594643
 27 0.601071
 28 0.582857
 29 0.582857
 30 727.779643
 31 2.083929
 32 1.873929
 33 1.740000
 34 1.872857
 35 1.716429
 36 1.842857
 37 1.676786
 38 1.849286
 39 1.720714
 40 1.646786
 41 1.780714
 42 1.804286
 43 1.753929
 44 1.717500
 45 1.620000
 46 1.746429
 47 1.669286
 48 1.765714
 49 1.667143
 50 1.606071
 51 1.756071
 52 1.752857
 53 1.743214
 54 1.733571
 55 1.633929
 56 1.703571
 57 1.640357
 58 1.787143
 59 1.656429
 60 1.627500
 61 1.743214
 62 454.246071
 63 2.086071
 64 1.877143
 65 1.744286
 66 1.813929
 67 1.746429
 68 1.869643
 69 1.713214
 70 1.847143
 71 1.700357
 72 1.830000
 73 1.714286
 74 1.803214
 75 1.714286
 76 1.826786
 77 1.666071
 78 1.830000
 79 1.723929
 80 1.822500
 81 1.689643
 82 1.787143
 83 1.680000
 84 1.757143
 85 1.670357
 86 1.830000
 87 1.692857
 88 1.820357
 89 1.719643
 90 1.787143
 91 3.956786
 92 1.916786
 93 1.717500
 94 429.643929
 95 2.040000
 96 1.722857
 97 1.667143
 98 1.699286
 99 1.893214
100 1.714286
101 1.860000
102 1.733571
103 1.926429
104 1.746429
105 1.822500
106 1.639286
107 1.860000
108 1.637143
109 1.779643
110 1.673571
111 1.783929
112 1.667143
113 1.826786
114 1.697143
115 1.834286
116 1.666071
117 1.770000
118 1.670357
119 1.763571
120 1.680000
121 1.869643
122 1.662857
123 1.816071
124 1.850357
125 1.684286
126 438.333214
127 2.006786
128 1.793571
129 1.700357
130 1.795714
131 1.770000
132 1.703571
133 1.803214
134 1.806429
135 1.763571
136 1.796786
137 3.990000
138 1.782857
139 1.810714
140 1.773214
141 1.776429
142 1.752857
143 1.673571
144 1.756071
145 1.789286
146 1.790357
147 1.773214
148 1.719643
149 1.776429
150 1.779643
151 1.662857
152 1.632857
153 1.616786
154 1.616786
155 1.690714
156 1.632857
157 1.683214
158 450.827143
159 2.006786
160 1.680000
161 2.020714
162 1.869643
163 1.735714
164 1.776429
165 1.743214
166 1.770000
167 1.650000
168 1.654286
169 1.659643
170 1.670357
171 1.640357
172 1.602857
173 1.610357
174 1.659643
175 1.666071
176 1.646786
177 1.620000
178 1.620000
179 1.613571
180 1.656429
181 1.629643
182 1.646786
183 1.620000
184 1.637143
185 1.653214
186 1.623214
187 1.710000
188 1.627500
189 1.646786
190 474.990000
191 2.083929
192 1.733571
193 1.890000
194 1.736786
195 1.842857
196 1.809643
197 1.820357
198 1.773214
199 1.792500
200 1.790357
