  1 3.622500
  2 2.036786
  3 1.786071
  4 1.560000
  5 1.522500
  6 1.519286
  7 1.590000
  8 1.547143
  9 1.547143
 10 1.533214
 11 1.586786
 12 1.506429
 13 1.516071
 14 1.503214
 15 1.569643
 16 1.500000
 17 1.509643
 18 1.503214
 19 1.530000
 20 1.489286
 21 1.506429
 22 1.496786
 23 1.526786
 24 1.487143
 25 1.547143
 26 1.492500
 27 1.522500
 28 1.533214
 29 1.496786
 30 1.503214
 31 1.503214
 32 1.523571
 33 1.726071
 34 1.703571
 35 1.630714
 36 1.676786
 37 1.640357
 38 1.636071
 39 1.653214
 40 1.696071
 41 1.629643
 42 1.632857
 43 1.640357
 44 1.660714
 45 1.603929
 46 1.602857
 47 1.633929
 48 1.796786
 49 1.620000
 50 1.633929
 51 1.637143
 52 1.683214
 53 1.602857
 54 1.609286
 55 1.615714
 56 1.736786
 57 1.626429
 58 1.620000
 59 1.616786
 60 1.650000
 61 1.646786
 62 1.629643
 63 1.629643
 64 1.720714
 65 1.626429
 66 1.646786
 67 1.626429
 68 1.673571
 69 1.629643
 70 1.636071
 71 1.629643
 72 1.730357
 73 1.626429
 74 1.616786
 75 1.629643
 76 1.703571
 77 1.615714
 78 1.613571
 79 1.623214
 80 1.670357
 81 1.616786
 82 1.609286
 83 1.637143
 84 1.676786
 85 1.640357
 86 1.610357
 87 1.606071
 88 1.654286
 89 1.607143
 90 1.610357
 91 1.670357
 92 1.676786
 93 1.632857
 94 1.633929
 95 1.629643
 96 1.684286
 97 1.643571
 98 1.626429
 99 1.582500
100 1.650000
101 1.633929
102 1.633929
103 1.630714
104 1.696071
105 1.609286
106 1.620000
107 1.606071
108 1.653214
109 1.616786
110 1.657500
111 1.623214
112 1.727143
113 1.636071
114 1.636071
115 1.629643
116 1.699286
117 1.629643
118 1.630714
119 1.627500
120 1.680000
121 1.626429
122 1.630714
123 1.627500
124 1.729286
125 1.629643
126 1.646786
127 1.629643
128 1.630714
129 1.653214
130 1.632857
131 1.593214
132 1.766786
133 1.620000
134 1.680000
135 1.640357
136 1.607143
137 1.610357
138 1.609286
139 1.653214
140 1.656429
141 1.606071
142 1.616786
143 1.586786
144 1.577143
145 1.609286
146 1.577143
147 1.609286
148 1.623214
149 1.609286
150 1.609286
151 1.620000
152 1.613571
153 1.610357
154 1.577143
155 1.629643
156 1.643571
157 1.607143
158 1.623214
159 1.610357
160 1.576071
161 1.609286
162 1.576071
163 1.610357
164 1.599643
165 1.607143
166 1.620000
167 1.606071
168 1.613571
169 1.610357
170 1.580357
171 1.606071
172 1.650000
173 1.610357
174 1.616786
175 1.607143
176 1.632857
177 1.610357
178 1.609286
179 1.613571
180 1.673571
181 1.626429
182 1.603929
183 1.602857
184 1.656429
185 1.606071
186 1.623214
187 1.599643
188 1.692857
189 1.610357
190 1.590000
191 1.623214
192 1.620000
193 1.610357
194 1.579286
195 1.602857
196 1.596429
197 1.607143
198 1.616786
199 1.602857
200 1.610357
