  1 3.523929
  2 2.013214
  3 1.876071
  4 1.550357
  5 1.553571
  6 1.520357
  7 1.536429
  8 1.519286
  9 1.509643
 10 1.540714
 11 1.610357
 12 1.490357
 13 1.513929
 14 1.500000
 15 1.556786
 16 1.500000
 17 1.507500
 18 1.500000
 19 1.526786
 20 1.466786
 21 1.496786
 22 1.487143
 23 1.577143
 24 1.530000
 25 1.547143
 26 1.506429
 27 1.456071
 28 1.520357
 29 1.495714
 30 1.500000
 31 1.523571
 32 1.486071
 33 1.542857
 34 1.489286
 35 1.493571
 36 1.530000
 37 1.512857
 38 1.503214
 39 1.520357
 40 1.530000
 41 1.466786
 42 1.539643
 43 1.506429
 44 1.512857
 45 1.493571
 46 1.510714
 47 1.477500
 48 1.577143
 49 1.457143
 50 1.533214
 51 1.506429
 52 1.520357
 53 1.500000
 54 1.563214
 55 1.500000
 56 1.569643
 57 1.487143
 58 1.512857
 59 1.490357
 60 1.525714
 61 1.473214
 62 1.482857
 63 1.459286
 64 1.522500
 65 1.477500
 66 1.500000
 67 1.509643
 68 1.556786
 69 1.489286
 70 1.509643
 71 1.487143
 72 1.500000
 73 1.500000
 74 1.510714
 75 1.500000
 76 1.549286
 77 1.456071
 78 1.503214
 79 1.453929
 80 1.522500
 81 1.457143
 82 1.506429
 83 1.516071
 84 1.503214
 85 1.457143
 86 1.509643
 87 1.516071
 88 1.500000
 89 1.493571
 90 1.503214
 91 1.510714
 92 1.500000
 93 1.483929
 94 1.489286
 95 1.476429
 96 1.463571
 97 1.456071
 98 1.476429
 99 1.460357
100 1.479643
101 1.490357
102 1.506429
103 1.459286
104 1.555714
105 1.460357
106 1.496786
107 1.490357
108 1.480714
109 1.456071
110 1.513929
111 1.493571
112 1.590000
113 1.482857
114 1.473214
115 1.470000
116 1.542857
117 1.496786
118 1.510714
119 1.456071
120 1.507500
121 1.460357
122 1.449643
123 1.456071
124 1.586786
125 1.473214
126 1.466786
127 1.473214
128 1.466786
129 1.473214
130 1.493571
131 1.473214
132 1.610357
133 1.500000
134 1.523571
135 1.500000
136 1.493571
137 1.496786
138 1.496786
139 1.493571
140 1.560000
141 1.493571
142 1.446429
143 1.486071
144 1.496786
145 1.473214
146 1.470000
147 1.506429
148 1.530000
149 1.490357
150 1.482857
151 1.482857
152 1.496786
153 1.457143
154 1.509643
155 1.496786
156 1.506429
157 1.457143
158 1.510714
159 1.452857
160 1.513929
161 1.496786
162 1.520357
163 1.493571
164 1.506429
165 1.489286
166 1.509643
167 1.457143
168 1.512857
169 1.456071
170 1.470000
171 1.457143
172 1.510714
173 1.517143
174 1.509643
175 1.456071
176 1.503214
177 1.510714
178 1.470000
179 1.496786
180 1.539643
181 1.490357
182 1.500000
183 1.489286
184 1.500000
185 1.493571
186 1.483929
187 1.556786
188 1.542857
189 1.457143
190 1.510714
191 1.487143
192 1.506429
193 1.460357
194 1.470000
195 1.489286
196 1.506429
197 1.512857
198 1.509643
199 1.463571
200 1.513929
