  1 3.527143
  2 2.040000
  3 1.627500
  4 1.563214
  5 1.550357
  6 1.570714
  7 1.572857
  8 1.503214
  9 1.492500
 10 1.509643
 11 1.563214
 12 1.560000
 13 1.496786
 14 1.520357
 15 1.626429
 16 1.509643
 17 1.510714
 18 1.550357
 19 1.533214
 20 1.506429
 21 1.533214
 22 1.503214
 23 1.567500
 24 1.549286
 25 1.530000
 26 1.503214
 27 1.459286
 28 1.569643
 29 1.507500
 30 1.496786
 31 1.533214
 32 1.507500
 33 1.512857
 34 1.512857
 35 1.763571
 36 1.580357
 37 1.503214
 38 1.632857
 39 1.530000
 40 1.539643
 41 1.476429
 42 1.517143
 43 1.522500
 44 1.549286
 45 1.519286
 46 1.516071
 47 1.523571
 48 1.680000
 49 1.510714
 50 1.519286
 51 1.512857
 52 1.566429
 53 1.460357
 54 1.530000
 55 1.516071
 56 1.612500
 57 1.496786
 58 1.507500
 59 1.489286
 60 1.480714
 61 1.477500
 62 1.550357
 63 1.466786
 64 1.550357
 65 1.503214
 66 1.512857
 67 1.500000
 68 1.533214
 69 1.456071
 70 1.492500
 71 1.496786
 72 1.517143
 73 1.466786
 74 1.547143
 75 1.503214
 76 1.576071
 77 1.496786
 78 1.509643
 79 1.466786
 80 1.483929
 81 1.463571
 82 1.522500
 83 1.460357
 84 3.800357
 85 1.513929
 86 1.509643
 87 1.492500
 88 1.490357
 89 1.466786
 90 1.547143
 91 1.487143
 92 1.506429
 93 1.490357
 94 1.547143
 95 1.476429
 96 1.512857
 97 1.466786
 98 1.504286
 99 1.463571
100 1.520357
101 1.495714
102 1.506429
103 1.463571
104 1.517143
105 1.517143
106 1.463571
107 1.519286
108 1.536429
109 1.556786
110 1.517143
111 1.512857
112 1.590000
113 1.516071
114 1.523571
115 1.503214
116 1.503214
117 1.513929
118 1.506429
119 1.460357
120 1.550357
121 1.496786
122 1.466786
123 1.517143
124 1.569643
125 1.476429
126 1.480714
127 1.477500
128 1.470000
129 1.523571
130 1.519286
131 1.503214
132 1.612500
133 1.486071
134 14.952857
135 1.740000
136 1.687500
137 1.613571
138 1.602857
139 1.576071
140 1.580357
141 1.526786
142 1.546071
143 1.530000
144 1.500000
145 1.483929
146 1.490357
147 1.490357
148 1.503214
149 1.493571
150 1.510714
151 1.503214
152 1.506429
153 1.463571
154 1.533214
155 1.493571
156 1.520357
157 1.492500
158 1.516071
159 1.490357
160 1.510714
161 1.496786
162 1.459286
163 1.506429
164 1.526786
165 1.500000
166 1.500000
167 1.509643
168 1.530000
169 1.509643
170 1.526786
171 1.459286
172 1.517143
173 1.456071
174 1.506429
175 1.530000
176 1.496786
177 1.547143
178 1.534286
179 1.500000
180 1.530000
181 1.500000
182 1.503214
183 1.482857
184 1.512857
185 1.500000
186 1.504286
187 1.517143
188 1.500000
189 1.489286
190 1.513929
191 1.465714
192 1.506429
193 1.500000
194 1.496786
195 1.533214
196 1.466786
197 1.500000
198 1.496786
199 1.504286
200 1.523571
