  1 3.500357
  2 1.999286
  3 1.789286
  4 1.593214
  5 1.549286
  6 1.563214
  7 1.602857
  8 1.533214
  9 1.504286
 10 1.509643
 11 1.653214
 12 1.506429
 13 1.526786
 14 1.503214
 15 1.613571
 16 1.500000
 17 1.530000
 18 1.509643
 19 1.510714
 20 1.503214
 21 1.539643
 22 1.512857
 23 1.586786
 24 1.496786
 25 1.553571
 26 1.503214
 27 1.500000
 28 1.522500
 29 1.476429
 30 1.533214
 31 1.547143
 32 1.492500
 33 1.510714
 34 1.487143
 35 1.500000
 36 1.530000
 37 1.510714
 38 1.500000
 39 1.486071
 40 1.547143
 41 1.526786
 42 1.460357
 43 1.495714
 44 1.470000
 45 1.493571
 46 1.516071
 47 1.509643
 48 1.542857
 49 1.446429
 50 1.493571
 51 1.449643
 52 1.493571
 53 1.446429
 54 1.500000
 55 1.496786
 56 1.610357
 57 1.489286
 58 1.506429
 59 1.460357
 60 1.457143
 61 1.573929
 62 1.496786
 63 1.450714
 64 1.547143
 65 1.470000
 66 1.496786
 67 1.449643
 68 1.500000
 69 1.453929
 70 1.496786
 71 1.450714
 72 1.490357
 73 1.446429
 74 1.476429
 75 1.449643
 76 1.536429
 77 1.449643
 78 1.500000
 79 1.446429
 80 1.503214
 81 1.500000
 82 1.503214
 83 1.493571
 84 1.489286
 85 1.456071
 86 1.496786
 87 1.449643
 88 1.506429
 89 1.449643
 90 1.512857
 91 1.466786
 92 1.533214
 93 1.473214
 94 1.453929
 95 1.512857
 96 1.517143
 97 1.449643
 98 1.495714
 99 1.446429
100 1.503214
101 1.453929
102 1.496786
103 1.449643
104 1.563214
105 1.446429
106 1.482857
107 1.503214
108 1.512857
109 1.480714
110 1.509643
111 1.496786
112 1.579286
113 1.496786
114 1.460357
115 1.500000
116 1.519286
117 1.487143
118 1.534286
119 1.449643
120 1.503214
121 1.446429
122 1.500000
123 1.446429
124 1.539643
125 1.463571
126 1.496786
127 1.459286
128 1.500000
129 3.753214
130 1.610357
131 1.490357
132 1.577143
133 1.536429
134 1.530000
135 1.490357
136 1.500000
137 1.479643
138 1.473214
139 1.483929
140 1.506429
141 1.466786
142 1.500000
143 1.476429
144 1.480714
145 1.526786
146 1.449643
147 1.496786
148 1.509643
149 1.449643
150 1.493571
151 1.493571
152 1.507500
153 1.483929
154 1.496786
155 1.517143
156 1.509643
157 1.450714
158 1.500000
159 1.476429
160 1.507500
161 1.486071
162 1.507500
163 1.446429
164 1.533214
165 1.473214
166 1.493571
167 1.446429
168 1.476429
169 1.449643
170 1.496786
171 1.449643
172 1.520357
173 1.446429
174 1.500000
175 1.450714
176 1.443214
177 3.746786
178 1.510714
179 1.495714
180 1.493571
181 1.486071
182 1.520357
183 1.483929
184 1.520357
185 1.446429
186 1.500000
187 1.550357
188 1.513929
189 1.449643
190 1.493571
191 1.496786
192 1.516071
193 1.447500
194 1.496786
195 1.507500
196 1.466786
197 1.479643
198 1.500000
199 1.470000
200 1.496786
