  1 156.249643
  2 209.606786
  3 78.613929
  4 0.807857
  5 0.669643
  6 282.401786
  7 2.262857
  8 1.753929
  9 1.872857
 10 1.860000
 11 1.943571
 12 1.886786
 13 1.727143
 14 358.656429
 15 2.082857
 16 1.740000
 17 1.850357
 18 1.826786
 19 1.853571
 20 1.823571
 21 1.826786
 22 0.597857
 23 0.625714
 24 0.585000
 25 0.600000
 26 0.575357
 27 0.591429
 28 0.611786
 29 0.592500
 30 594.462857
 31 2.109643
 32 1.840714
 33 1.899643
 34 1.673571
 35 1.773214
 36 1.826786
 37 1.793571
 38 1.816071
 39 1.699286
 40 1.700357
 41 1.804286
 42 1.770000
 43 1.756071
 44 1.646786
 45 1.615714
 46 1.812857
 47 1.637143
 48 1.632857
 49 1.765714
 50 1.624286
 51 1.609286
 52 1.736786
 53 1.740000
 54 1.723929
 55 1.757143
 56 1.710000
 57 1.812857
 58 1.807500
 59 1.613571
 60 1.582500
 61 1.783929
 62 449.916429
 63 2.016429
 64 1.833214
 65 1.749643
 66 1.686429
 67 1.850357
 68 1.716429
 69 1.662857
 70 1.766786
 71 1.800000
 72 1.620000
 73 1.736786
 74 1.763571
 75 1.629643
 76 1.703571
 77 1.766786
 78 1.730357
 79 1.640357
 80 1.676786
 81 1.659643
 82 1.770000
 83 1.667143
 84 1.629643
 85 1.746429
 86 1.616786
 87 1.729286
 88 1.786071
 89 1.749643
 90 1.766786
 91 1.746429
 92 1.716429
 93 1.753929
 94 447.412500
 95 2.180357
 96 1.727143
 97 1.909286
 98 1.900714
 99 1.842857
100 1.669286
101 1.817143
102 1.903929
103 1.643571
104 1.810714
105 1.616786
106 1.763571
107 1.706786
108 1.585714
109 1.746429
110 1.740000
111 1.639286
112 1.730357
113 1.680000
114 1.660714
115 1.760357
116 1.705714
117 1.606071
118 1.700357
119 1.602857
120 1.726071
121 1.613571
122 1.675714
123 1.650000
124 3.859286
125 1.640357
126 441.230357
127 2.070000
128 1.727143
129 1.820357
130 1.763571
131 1.853571
132 1.680000
133 1.640357
134 1.766786
135 1.680000
136 1.770000
137 1.727143
138 1.653214
139 1.746429
140 1.793571
141 1.833214
142 1.833214
143 1.669286
144 1.609286
145 1.763571
146 1.607143
147 1.776429
148 1.813929
149 1.816071
150 1.773214
151 1.796786
152 1.836429
153 1.789286
154 1.787143
155 1.763571
156 1.726071
157 1.749643
158 439.812857
159 2.199643
160 1.752857
161 1.843929
162 1.836429
163 1.690714
164 1.867500
165 1.654286
166 1.834286
167 1.830000
168 1.673571
169 1.653214
170 1.663929
171 1.656429
172 1.803214
173 1.675714
174 1.656429
175 1.666071
176 1.796786
177 1.606071
178 1.809643
179 1.770000
180 1.696071
181 1.656429
182 1.560000
183 1.823571
184 1.683214
185 1.646786
186 1.697143
187 1.800000
188 1.697143
189 1.773214
190 476.176071
191 2.083929
192 1.693929
193 1.800000
194 1.886786
195 1.850357
196 1.793571
197 1.810714
198 1.650000
199 1.667143
200 1.717500
