  1 3.557143
  2 2.049643
  3 1.643571
  4 1.603929
  5 1.530000
  6 1.546071
  7 1.563214
  8 1.489286
  9 1.519286
 10 1.513929
 11 1.616786
 12 1.503214
 13 1.520357
 14 1.520357
 15 1.599643
 16 1.496786
 17 1.526786
 18 1.513929
 19 1.526786
 20 1.509643
 21 1.534286
 22 1.500000
 23 1.546071
 24 1.520357
 25 1.577143
 26 1.542857
 27 1.452857
 28 1.493571
 29 1.490357
 30 1.492500
 31 1.500000
 32 1.509643
 33 1.749643
 34 1.512857
 35 1.680000
 36 1.566429
 37 1.629643
 38 1.533214
 39 1.487143
 40 1.703571
 41 1.486071
 42 1.482857
 43 1.539643
 44 1.516071
 45 1.509643
 46 1.506429
 47 1.500000
 48 1.659643
 49 1.500000
 50 1.520357
 51 1.513929
 52 1.569643
 53 1.466786
 54 1.523571
 55 1.470000
 56 1.613571
 57 1.513929
 58 1.533214
 59 1.490357
 60 1.482857
 61 1.567500
 62 1.506429
 63 1.460357
 64 1.546071
 65 1.493571
 66 1.523571
 67 1.510714
 68 1.506429
 69 1.490357
 70 1.496786
 71 1.460357
 72 1.503214
 73 1.460357
 74 1.460357
 75 1.490357
 76 1.553571
 77 1.487143
 78 1.479643
 79 1.533214
 80 1.492500
 81 1.463571
 82 1.503214
 83 1.487143
 84 1.513929
 85 1.489286
 86 1.513929
 87 1.463571
 88 1.470000
 89 1.463571
 90 1.512857
 91 1.482857
 92 1.506429
 93 1.476429
 94 1.480714
 95 1.509643
 96 1.563214
 97 1.463571
 98 1.463571
 99 1.507500
100 1.486071
101 1.479643
102 1.503214
103 1.493571
104 1.509643
105 1.462500
106 1.503214
107 1.482857
108 1.479643
109 1.489286
110 1.506429
111 1.503214
112 1.550357
113 1.483929
114 1.490357
115 1.506429
116 1.517143
117 1.496786
118 1.496786
119 1.495714
120 1.507500
121 1.487143
122 1.506429
123 1.496786
124 1.596429
125 1.466786
126 2.169643
127 1.569643
128 1.549286
129 1.560000
130 1.552500
131 1.560000
132 1.603929
133 1.530000
134 1.582500
135 1.556786
136 1.517143
137 1.523571
138 1.493571
139 1.500000
140 1.483929
141 1.512857
142 1.486071
143 1.473214
144 1.460357
145 1.503214
146 1.476429
147 1.490357
148 1.542857
149 1.496786
150 1.509643
151 1.507500
152 1.513929
153 1.487143
154 1.500000
155 1.530000
156 1.523571
157 1.486071
158 1.503214
159 1.523571
160 1.490357
161 1.517143
162 1.503214
163 1.503214
164 1.512857
165 1.517143
166 1.519286
167 1.523571
168 1.510714
169 1.506429
170 1.503214
171 1.509643
172 1.609286
173 1.512857
174 1.490357
175 1.493571
176 1.509643
177 1.542857
178 1.483929
179 1.536429
180 1.563214
181 1.516071
182 1.453929
183 1.510714
184 1.553571
185 1.530000
186 1.500000
187 1.506429
188 1.576071
189 1.509643
190 1.506429
191 1.496786
192 1.513929
193 1.493571
194 1.510714
195 1.500000
196 1.537500
197 1.500000
198 1.496786
199 1.496786
200 1.500000
