  1 218.932500
  2 230.653929
  3 78.300000
  4 1.659643
  5 1.556786
  6 327.079286
  7 1.825714
  8 1.552500
  9 1.512857
 10 1.607143
 11 1.536429
 12 1.633929
 13 1.623214
 14 387.953571
 15 1.856786
 16 1.566429
 17 1.553571
 18 1.550357
 19 1.547143
 20 1.620000
 21 1.663929
 22 1.510714
 23 1.517143
 24 1.546071
 25 1.530000
 26 1.533214
 27 1.596429
 28 1.523571
 29 1.530000
 30 605.443929
 31 1.882500
 32 1.597500
 33 1.566429
 34 1.593214
 35 1.552500
 36 1.576071
 37 1.569643
 38 1.509643
 39 1.517143
 40 1.633929
 41 1.477500
 42 1.520357
 43 1.530000
 44 1.483929
 45 1.550357
 46 1.466786
 47 1.457143
 48 1.466786
 49 1.513929
 50 1.632857
 51 1.530000
 52 1.542857
 53 1.676786
 54 1.543929
 55 1.539643
 56 1.522500
 57 1.667143
 58 1.509643
 59 1.466786
 60 1.486071
 61 1.526786
 62 557.785714
 63 1.867500
 64 1.560000
 65 1.556786
 66 1.563214
 67 1.569643
 68 1.547143
 69 1.553571
 70 1.547143
 71 1.550357
 72 1.602857
 73 1.492500
 74 1.476429
 75 1.579286
 76 1.580357
 77 1.546071
 78 1.517143
 79 1.613571
 80 1.512857
 81 1.530000
 82 1.470000
 83 1.509643
 84 1.473214
 85 1.597500
 86 1.522500
 87 1.509643
 88 1.530000
 89 1.546071
 90 1.493571
 91 1.536429
 92 1.487143
 93 1.483929
 94 541.576071
 95 1.860000
 96 1.610357
 97 1.577143
 98 1.569643
 99 1.580357
100 1.650000
101 1.642500
102 1.586786
103 1.556786
104 1.633929
105 1.530000
106 1.580357
107 1.609286
108 1.572857
109 1.536429
110 1.626429
111 1.603929
112 1.470000
113 1.470000
114 1.560000
115 1.686429
116 1.563214
117 1.607143
118 1.536429
119 1.530000
120 1.526786
121 1.503214
122 1.556786
123 1.570714
124 1.543929
125 1.486071
126 514.897500
127 1.896429
128 1.596429
129 1.536429
130 1.659643
131 1.593214
132 1.506429
133 1.534286
134 1.563214
135 1.539643
136 1.563214
137 1.473214
138 1.560000
139 1.640357
140 1.640357
141 1.495714
142 1.597500
143 1.540714
144 1.520357
145 1.512857
146 1.543929
147 1.539643
148 1.500000
149 1.533214
150 1.522500
151 1.509643
152 1.503214
153 1.496786
154 1.547143
155 1.566429
156 1.539643
157 1.506429
158 559.367143
159 1.910357
160 1.696071
161 1.556786
162 1.726071
163 1.590000
164 1.550357
165 1.572857
166 1.533214
167 1.523571
168 1.530000
169 1.510714
170 1.536429
171 1.495714
172 1.513929
173 1.583571
174 1.473214
175 1.556786
176 1.533214
177 1.503214
178 1.506429
179 1.533214
180 1.550357
181 1.580357
182 1.533214
183 1.593214
184 1.526786
185 114.966429
186 2.030357
187 1.623214
188 1.626429
189 1.573929
190 61.593214
191 1.846071
192 1.593214
193 517.236429
194 1.893214
195 1.609286
196 1.566429
197 1.666071
198 1.576071
199 1.672500
200 1.540714
