  1 230.556429
  2 266.224286
  3 81.446786
  4 1.810714
  5 1.692857
  6 246.000000
  7 1.920000
  8 1.550357
  9 1.580357
 10 1.579286
 11 1.556786
 12 1.563214
 13 1.560000
 14 392.460000
 15 2.220000
 16 1.583571
 17 1.599643
 18 1.633929
 19 1.553571
 20 1.560000
 21 1.577143
 22 1.616786
 23 1.533214
 24 1.612500
 25 1.550357
 26 1.539643
 27 1.659643
 28 1.593214
 29 1.590000
 30 598.833214
 31 2.033571
 32 1.620000
 33 1.596429
 34 1.597500
 35 1.586786
 36 1.590000
 37 1.516071
 38 1.573929
 39 1.503214
 40 1.493571
 41 1.487143
 42 1.482857
 43 1.546071
 44 1.492500
 45 1.550357
 46 1.547143
 47 1.496786
 48 1.526786
 49 1.500000
 50 1.549286
 51 1.492500
 52 1.500000
 53 1.560000
 54 1.493571
 55 1.506429
 56 1.579286
 57 1.504286
 58 1.512857
 59 1.517143
 60 1.539643
 61 1.520357
 62 539.090357
 63 1.916786
 64 1.602857
 65 1.613571
 66 1.607143
 67 1.577143
 68 1.599643
 69 1.583571
 70 1.576071
 71 1.613571
 72 1.713214
 73 1.547143
 74 1.560000
 75 1.533214
 76 1.583571
 77 1.512857
 78 1.596429
 79 1.566429
 80 1.569643
 81 1.560000
 82 1.553571
 83 1.525714
 84 1.482857
 85 1.566429
 86 1.573929
 87 1.586786
 88 1.576071
 89 1.506429
 90 1.526786
 91 1.536429
 92 1.483929
 93 1.596429
 94 512.206071
 95 1.916786
 96 1.600714
 97 1.613571
 98 1.613571
 99 1.547143
100 1.643571
101 1.623214
102 1.596429
103 1.599643
104 1.572857
105 1.566429
106 1.512857
107 1.577143
108 1.566429
109 1.552500
110 1.577143
111 1.582500
112 1.547143
113 1.603929
114 1.586786
115 1.543929
116 1.517143
117 1.573929
118 1.509643
119 1.626429
120 1.713214
121 1.549286
122 1.577143
123 1.537500
124 1.523571
125 1.546071
126 521.906786
127 1.880357
128 1.549286
129 1.593214
130 1.643571
131 1.572857
132 1.609286
133 1.549286
134 1.560000
135 1.500000
136 1.510714
137 1.566429
138 1.563214
139 1.520357
140 1.556786
141 1.526786
142 1.550357
143 1.547143
144 1.572857
145 1.566429
146 1.549286
147 1.533214
148 1.536429
149 1.593214
150 1.526786
151 3.769286
152 1.653214
153 1.520357
154 1.615714
155 1.492500
156 1.563214
157 1.623214
158 541.370357
159 1.936071
160 1.670357
161 1.616786
162 1.606071
163 1.590000
164 1.596429
165 1.627500
166 1.620000
167 1.566429
168 1.616786
169 1.507500
170 1.556786
171 1.549286
172 1.546071
173 1.523571
174 1.530000
175 1.620000
176 1.556786
177 1.500000
178 1.530000
179 1.493571
180 2.296071
181 1.620000
182 1.599643
183 1.569643
184 1.609286
185 1.580357
186 1.580357
187 1.610357
188 1.593214
189 1.610357
190 58.200000
191 1.849286
192 1.639286
193 517.676786
194 2.250000
195 1.632857
196 1.569643
197 1.590000
198 1.479643
199 1.496786
200 1.573929
