  1 217.305714
  2 277.522500
  3 83.947500
  4 1.644286
  5 1.412857
  6 299.715000
  7 1.667857
  8 1.487857
  9 1.434286
 10 1.434286
 11 1.413571
 12 1.410000
 13 1.410000
 14 394.176429
 15 1.680000
 16 1.428571
 17 1.488571
 18 1.524286
 19 1.419286
 20 1.419286
 21 1.425000
 22 1.502857
 23 1.431429
 24 1.377143
 25 1.437143
 26 1.422143
 27 1.494286
 28 1.442857
 29 1.427857
 30 612.560714
 31 1.736429
 32 1.421429
 33 1.425000
 34 1.440000
 35 1.431429
 36 1.460714
 37 1.416429
 38 1.577857
 39 1.415714
 40 1.412857
 41 1.445714
 42 1.440000
 43 1.385714
 44 1.385714
 45 1.440000
 46 1.422143
 47 1.388571
 48 1.398571
 49 1.403571
 50 1.404286
 51 3.447143
 52 1.442857
 53 1.535714
 54 1.425000
 55 1.382857
 56 1.407143
 57 1.410000
 58 1.433571
 59 1.440000
 60 1.440000
 61 1.407143
 62 551.375714
 63 1.755000
 64 1.515000
 65 1.413571
 66 1.404286
 67 1.457857
 68 1.449286
 69 1.419286
 70 1.497143
 71 1.422143
 72 1.377143
 73 1.410000
 74 1.392143
 75 1.356429
 76 1.550714
 77 1.418571
 78 1.395000
 79 1.382857
 80 1.466429
 81 1.397857
 82 1.440000
 83 1.374286
 84 1.422143
 85 1.455000
 86 1.380000
 87 1.373571
 88 1.434286
 89 1.500000
 90 1.421429
 91 1.404286
 92 1.440000
 93 1.356429
 94 566.115000
 95 1.716429
 96 1.511429
 97 1.470000
 98 1.500000
 99 1.419286
100 1.451429
101 1.427857
102 1.467143
103 1.407143
104 1.410000
105 1.397857
106 1.397857
107 1.422143
108 1.418571
109 1.452143
110 1.445714
111 1.410000
112 1.416429
113 1.451429
114 1.388571
115 1.443571
116 1.470000
117 1.385714
118 1.380000
119 1.419286
120 1.377143
121 1.380000
122 1.407143
123 1.377143
124 1.400714
125 1.386429
126 555.650714
127 1.731429
128 1.451429
129 1.502857
130 1.496429
131 1.458571
132 1.404286
133 1.482143
134 1.550714
135 1.512143
136 1.425000
137 1.452143
138 1.377143
139 1.374286
140 1.392143
141 1.373571
142 1.365000
143 1.407143
144 1.427857
145 1.410000
146 1.382857
147 1.380000
148 1.431429
149 1.392143
150 1.374286
151 1.373571
152 1.401429
153 1.385714
154 1.374286
155 1.365000
156 1.380000
157 1.371429
158 568.298571
159 1.745714
160 1.515000
161 1.455000
162 1.419286
163 1.436429
164 1.377143
165 1.397857
166 1.412857
167 1.440000
168 1.422143
169 1.395000
170 1.400714
171 1.382857
172 1.557143
173 1.410000
174 1.367857
175 1.407143
176 1.386429
177 1.410000
178 1.382857
179 1.391429
180 1.491429
181 1.472857
182 1.448571
183 77.192857
184 1.650000
185 1.478571
186 1.412857
187 1.407143
188 1.410000
189 1.448571
190 52.197143
191 1.595714
192 1.440000
193 541.490714
194 1.811429
195 1.479286
196 1.461429
197 1.452143
198 1.440000
199 1.383571
200 1.434286
