  1 171.526786
  2 214.913929
  3 75.309643
  4 1.007143
  5 0.935714
  6 289.963929
  7 4.965357
  8 0.918929
  9 0.881429
 10 0.900000
 11 0.911071
 12 0.903571
 13 0.888929
 14 363.132857
 15 1.123214
 16 0.915000
 17 0.896071
 18 0.903929
 19 0.900000
 20 0.888929
 21 0.965714
 22 0.883214
 23 0.897857
 24 0.866429
 25 0.858571
 26 0.886786
 27 0.892500
 28 0.885000
 29 0.881071
 30 633.148571
 31 1.973571
 32 1.713214
 33 1.620000
 34 1.566429
 35 1.555714
 36 1.593214
 37 1.626429
 38 1.577143
 39 1.569643
 40 1.542857
 41 1.537500
 42 1.533214
 43 1.530000
 44 1.602857
 45 1.549286
 46 1.540714
 47 1.533214
 48 1.537500
 49 1.530000
 50 1.526786
 51 1.577143
 52 1.613571
 53 1.566429
 54 1.512857
 55 1.496786
 56 1.509643
 57 1.570714
 58 1.534286
 59 1.533214
 60 1.606071
 61 1.560000
 62 537.693214
 63 1.976786
 64 1.749643
 65 1.586786
 66 1.607143
 67 1.640357
 68 1.542857
 69 1.596429
 70 1.623214
 71 1.607143
 72 1.556786
 73 1.510714
 74 1.482857
 75 1.496786
 76 1.556786
 77 1.530000
 78 1.556786
 79 1.583571
 80 1.560000
 81 1.556786
 82 1.556786
 83 1.577143
 84 1.569643
 85 1.520357
 86 1.496786
 87 1.517143
 88 1.500000
 89 1.509643
 90 1.533214
 91 1.577143
 92 1.489286
 93 1.542857
 94 534.653571
 95 1.886786
 96 1.722857
 97 1.593214
 98 1.613571
 99 1.563214
100 1.543929
101 1.639286
102 1.606071
103 1.520357
104 1.530000
105 1.509643
106 1.573929
107 1.503214
108 1.539643
109 1.550357
110 1.550357
111 1.486071
112 1.586786
113 1.552500
114 1.549286
115 1.530000
116 1.570714
117 1.615714
118 1.542857
119 1.549286
120 1.533214
121 1.530000
122 1.596429
123 1.516071
124 1.569643
125 1.549286
126 507.380357
127 1.972500
128 1.646786
129 1.623214
130 1.590000
131 1.563214
132 1.560000
133 1.563214
134 1.542857
135 1.520357
136 1.583571
137 1.547143
138 1.493571
139 1.519286
140 1.543929
141 1.569643
142 1.540714
143 1.563214
144 1.576071
145 1.577143
146 1.556786
147 1.580357
148 1.552500
149 1.590000
150 1.593214
151 1.553571
152 1.616786
153 1.547143
154 1.549286
155 1.526786
156 1.530000
157 1.520357
158 509.400000
159 1.932857
160 1.607143
161 1.563214
162 1.569643
163 1.572857
164 1.616786
165 1.556786
166 1.519286
167 1.580357
168 1.582500
169 1.526786
170 1.657500
171 1.539643
172 1.706786
173 1.520357
174 1.539643
175 1.546071
176 1.526786
177 1.542857
178 1.547143
179 1.530000
180 1.570714
181 2.482500
182 1.890000
183 1.650000
184 1.610357
185 1.570714
186 1.683214
187 1.596429
188 1.556786
189 1.567500
190 61.106786
191 1.713214
192 1.513929
193 517.913571
194 1.910357
195 1.673571
196 1.590000
197 1.576071
198 1.602857
199 1.606071
200 1.560000
