  1 3.506786
  2 1.997143
  3 1.826786
  4 1.773214
  5 1.753929
  6 1.733571
  7 1.779643
  8 1.749643
  9 1.743214
 10 1.733571
 11 1.793571
 12 1.749643
 13 1.876071
 14 1.757143
 15 1.830000
 16 1.753929
 17 1.763571
 18 1.789286
 19 1.787143
 20 1.783929
 21 1.776429
 22 1.763571
 23 1.733571
 24 1.733571
 25 1.713214
 26 1.703571
 27 1.700357
 28 1.703571
 29 1.686429
 30 1.696071
 31 1.673571
 32 1.673571
 33 1.692857
 34 1.669286
 35 1.689643
 36 1.747500
 37 1.687500
 38 1.693929
 39 1.662857
 40 1.733571
 41 1.675714
 42 1.692857
 43 1.669286
 44 1.765714
 45 1.680000
 46 1.700357
 47 1.680000
 48 1.823571
 49 1.666071
 50 1.676786
 51 1.666071
 52 1.723929
 53 1.662857
 54 1.673571
 55 1.646786
 56 3.990000
 57 1.683214
 58 1.680000
 59 1.656429
 60 1.643571
 61 1.663929
 62 1.616786
 63 1.643571
 64 1.683214
 65 1.662857
 66 1.620000
 67 1.623214
 68 1.659643
 69 1.656429
 70 1.656429
 71 1.650000
 72 1.716429
 73 1.643571
 74 1.650000
 75 1.670357
 76 1.759286
 77 1.633929
 78 1.673571
 79 1.643571
 80 1.696071
 81 1.610357
 82 1.642500
 83 1.610357
 84 1.710000
 85 1.610357
 86 1.632857
 87 1.609286
 88 1.653214
 89 1.610357
 90 1.620000
 91 1.650000
 92 1.696071
 93 1.662857
 94 1.620000
 95 1.610357
 96 1.669286
 97 1.607143
 98 1.620000
 99 1.609286
100 1.650000
101 1.629643
102 1.620000
103 1.620000
104 1.713214
105 1.607143
106 1.667143
107 1.633929
108 1.653214
109 1.630714
110 1.662857
111 1.650000
112 1.783929
113 1.626429
114 1.629643
115 1.653214
116 1.730357
117 1.626429
118 1.646786
119 1.643571
120 1.663929
121 1.650000
122 1.616786
123 1.650000
124 1.749643
125 1.646786
126 1.616786
127 1.626429
128 1.620000
129 1.607143
130 1.643571
131 1.610357
132 1.706786
133 1.650000
134 1.686429
135 1.646786
136 1.643571
137 1.630714
138 1.659643
139 1.637143
140 1.720714
141 1.607143
142 1.620000
143 1.640357
144 1.696071
145 1.602857
146 1.606071
147 1.670357
148 1.689643
149 1.609286
150 1.620000
151 1.629643
152 1.702500
153 1.654286
154 1.620000
155 1.642500
156 1.650000
157 1.606071
158 1.656429
159 1.650000
160 1.686429
161 1.630714
162 1.632857
163 1.603929
164 1.666071
165 1.602857
166 1.697143
167 1.610357
168 1.662857
169 1.643571
170 1.615714
171 1.656429
172 1.653214
173 1.607143
174 1.616786
175 1.610357
176 1.653214
177 1.606071
178 1.616786
179 1.607143
180 1.710000
181 1.640357
182 1.643571
183 1.660714
184 1.672500
185 1.616786
186 1.620000
187 1.650000
188 1.650000
189 1.606071
190 1.616786
191 1.646786
192 1.646786
193 1.606071
194 1.616786
195 1.632857
196 1.626429
197 1.640357
198 1.616786
199 1.629643
200 1.616786
  1 267.478214
  2 284.102143
  3 22.675714
  4 164.937143
  5 4.471429
  6 288.927500
  7 1.796786
  8 1.556786
  9 1.590000
 10 4.692857
 11 0.954643
 12 0.974286
 13 0.988214
 14 400.842143
 15 1.145357
 16 0.984643
 17 0.947500
 18 0.937143
 19 0.951071
 20 0.951429
 21 0.958214
 22 0.907143
 23 0.916071
 24 0.913929
 25 0.908929
 26 0.922857
 27 0.907143
 28 0.921071
 29 0.907143
 30 630.660000
 31 1.124286
 32 0.930000
 33 1.037500
 34 0.935357
 35 0.933571
 36 0.928214
 37 0.946071
 38 0.919643
 39 0.913929
 40 0.912143
 41 0.915714
 42 0.921071
 43 0.924643
 44 0.910714
 45 0.903571
 46 0.903571
 47 0.919286
 48 0.922857
 49 0.928214
 50 0.905357
 51 0.896429
 52 0.943929
 53 0.917500
 54 0.922857
 55 0.900000
 56 0.935357
 57 0.928214
 58 0.916071
 59 0.922857
 60 0.907143
 61 0.913929
 62 592.104643
 63 1.161071
 64 0.930000
 65 0.944286
 66 0.960000
 67 1.020000
 68 0.938929
 69 0.910714
 70 0.901786
 71 0.896429
 72 0.901786
 73 0.915714
 74 0.901786
 75 0.913929
 76 0.901786
 77 0.912500
 78 0.905357
 79 0.917500
 80 0.905357
 81 0.908929
 82 0.914286
 83 0.919286
 84 0.900000
 85 0.908929
 86 0.901786
 87 0.907143
 88 0.900000
 89 0.898214
 90 0.889643
 91 0.910714
 92 0.889643
 93 0.910714
 94 612.887500
 95 1.127857
 96 0.928214
 97 0.954643
 98 0.970357
 99 0.947500
100 0.935357
101 0.946071
102 0.921071
103 0.914286
104 0.912143
105 0.919286
106 0.905000
107 0.915714
108 0.907143
109 0.914286
110 0.907143
111 0.919286
112 0.905357
113 0.915714
114 0.907143
115 1.155714
116 0.935357
117 0.921071
118 0.908571
119 0.900000
120 0.917500
121 0.900000
122 0.912500
123 0.898214
124 0.900000
125 0.900000
126 617.036429
127 1.113571
128 0.975714
129 1.006071
130 0.944286
131 0.944286
132 0.954643
133 0.951071
134 0.958214
135 0.947500
136 0.949643
137 0.947857
138 0.947857
139 0.945714
140 0.905357
141 0.924643
142 0.912500
143 0.914286
144 0.921071
145 0.921071
146 0.928214
147 0.916071
148 0.912143
149 0.917500
150 0.922857
151 0.907143
152 0.938929
153 0.940357
154 0.938929
155 0.908929
156 0.914286
157 0.901786
158 603.480000
159 1.097857
160 0.949286
161 0.974286
162 0.949643
163 0.937143
164 0.930000
165 0.938929
166 0.933571
167 0.908929
168 0.936786
169 0.924643
170 0.912500
171 0.905357
172 0.908929
173 0.912500
174 0.915714
175 0.905357
176 0.921071
177 0.921429
178 0.998929
179 0.930000
180 0.910357
181 0.910714
182 0.910357
183 0.926429
184 0.968929
185 0.924643
186 0.912143
187 0.915714
188 0.907143
189 0.926429
190 544.753571
191 1.782857
192 1.553571
193 1.573929
194 1.550357
195 1.566429
196 1.550357
197 1.615714
198 0.935357
199 0.945714
200 0.924643
