  1 217.136786
  2 258.570000
  3 82.337143
  4 1.766786
  5 1.583571
  6 278.948571
  7 2.049643
  8 1.586786
  9 1.606071
 10 1.602857
 11 1.586786
 12 1.566429
 13 1.624286
 14 356.690357
 15 1.997143
 16 1.637143
 17 0.596786
 18 0.598929
 19 0.580714
 20 0.588214
 21 0.575357
 22 0.562500
 23 0.567857
 24 0.596786
 25 0.563571
 26 0.564643
 27 0.561429
 28 0.563571
 29 0.591429
 30 598.788214
 31 0.768214
 32 0.572143
 33 0.567857
 34 0.567857
 35 0.577500
 36 0.606429
 37 0.581786
 38 0.578571
 39 0.594643
 40 0.597857
 41 0.597857
 42 0.604286
 43 0.562500
 44 0.564643
 45 1.367143
 46 0.582857
 47 0.603214
 48 0.566786
 49 0.564643
 50 0.555000
 51 0.566786
 52 0.562500
 53 0.567857
 54 0.574286
 55 0.549643
 56 0.565714
 57 0.555000
 58 0.575357
 59 0.562500
 60 0.564643
 61 0.555000
 62 673.204286
 63 1.060000
 64 0.864286
 65 0.860000
 66 0.850000
 67 0.858571
 68 0.848571
 69 0.854286
 70 0.917143
 71 0.871429
 72 0.894286
 73 0.852857
 74 0.820000
 75 0.892857
 76 0.862857
 77 0.855714
 78 0.805714
 79 0.850000
 80 0.837143
 81 0.822857
 82 0.831429
 83 0.841429
 84 0.841429
 85 0.820000
 86 0.801429
 87 0.815714
 88 0.831429
 89 0.818571
 90 0.828571
 91 0.814286
 92 0.812857
 93 0.808571
 94 595.768571
 95 1.075714
 96 0.851429
 97 0.875714
 98 0.927143
 99 2.045714
100 0.894286
101 0.858571
102 0.837143
103 0.815714
104 0.832857
105 0.834286
106 0.841429
107 0.868571
108 0.820000
109 0.831429
110 0.822857
111 0.807143
112 0.864286
113 0.855714
114 0.852857
115 0.828571
116 0.850000
117 0.817143
118 0.850000
119 0.835714
120 0.832857
121 0.827143
122 0.831429
123 0.842857
124 0.822857
125 0.814286
126 607.431429
127 1.038571
128 0.908571
129 0.868571
130 0.855714
131 0.842857
132 0.885714
133 0.854286
134 0.907143
135 0.871429
136 0.865714
137 0.835714
138 0.834286
139 0.907143
140 0.834286
141 0.834286
142 0.828571
143 0.828571
144 0.842857
145 0.811429
146 0.827143
147 0.827143
148 0.817143
149 0.825714
150 0.808571
151 0.870000
152 0.821429
153 0.818571
154 0.844286
155 0.810000
156 0.825714
157 0.852857
158 597.260000
159 1.080000
160 0.895714
161 0.862857
162 0.868571
163 0.850000
164 0.867143
165 0.871429
166 0.854286
167 0.844286
168 0.804286
169 0.840000
170 0.810000
171 0.842857
172 0.827143
173 0.812857
174 0.835714
175 0.820000
176 0.821429
177 0.844286
178 0.825714
179 0.835714
180 0.820000
181 0.835714
182 0.837143
183 0.864286
184 0.834286
185 0.847143
186 0.811429
187 0.811429
188 0.830000
189 0.881429
190 101.727143
191 1.000000
192 0.902857
193 579.044286
194 1.034286
195 0.855714
196 0.862857
197 0.850000
198 0.854286
199 0.861429
200 0.838571
