  1 229.547143
  2 228.833571
  3 78.273214
  4 1.806429
  5 1.582500
  6 387.257143
  7 2.006786
  8 1.563214
  9 1.596429
 10 1.620000
 11 1.616786
 12 1.593214
 13 1.563214
 14 359.644286
 15 1.946786
 16 1.546071
 17 1.670357
 18 1.563214
 19 1.547143
 20 1.583571
 21 1.593214
 22 1.543929
 23 1.534286
 24 1.560000
 25 1.563214
 26 1.590000
 27 1.620000
 28 1.609286
 29 1.623214
 30 602.273571
 31 2.166429
 32 1.593214
 33 1.600714
 34 1.710000
 35 1.596429
 36 1.586786
 37 1.566429
 38 1.533214
 39 1.546071
 40 1.466786
 41 1.539643
 42 1.564286
 43 1.522500
 44 1.512857
 45 1.530000
 46 1.530000
 47 1.483929
 48 1.572857
 49 1.536429
 50 1.602857
 51 1.536429
 52 1.550357
 53 1.579286
 54 1.542857
 55 1.520357
 56 1.480714
 57 1.586786
 58 1.503214
 59 1.573929
 60 1.522500
 61 1.513929
 62 551.493214
 63 2.046429
 64 1.607143
 65 1.607143
 66 1.624286
 67 1.603929
 68 1.590000
 69 1.590000
 70 1.573929
 71 1.556786
 72 1.646786
 73 1.583571
 74 1.556786
 75 1.569643
 76 1.650000
 77 1.577143
 78 1.613571
 79 1.556786
 80 1.577143
 81 1.569643
 82 1.540714
 83 1.523571
 84 1.526786
 85 1.517143
 86 1.530000
 87 1.553571
 88 1.560000
 89 1.573929
 90 1.490357
 91 1.563214
 92 1.633929
 93 1.523571
 94 513.309643
 95 1.943571
 96 1.550357
 97 1.572857
 98 1.570714
 99 1.627500
100 1.542857
101 1.555714
102 1.487143
103 1.490357
104 1.479643
105 1.536429
106 1.580357
107 1.509643
108 1.547143
109 1.536429
110 1.530000
111 1.510714
112 1.540714
113 1.585714
114 1.533214
115 1.507500
116 1.534286
117 1.616786
118 1.550357
119 1.542857
120 1.520357
121 1.509643
122 1.560000
123 1.547143
124 1.547143
125 1.556786
126 526.976786
127 1.997143
128 1.539643
129 1.583571
130 1.564286
131 1.572857
132 1.703571
133 1.613571
134 1.556786
135 1.620000
136 1.593214
137 1.586786
138 1.616786
139 1.547143
140 1.583571
141 1.503214
142 1.547143
143 1.583571
144 1.546071
145 1.523571
146 1.522500
147 1.563214
148 1.566429
149 1.566429
150 1.602857
151 1.539643
152 1.530000
153 1.585714
154 1.516071
155 1.577143
156 1.569643
157 1.542857
158 548.943214
159 2.029286
160 1.596429
161 1.563214
162 1.580357
163 1.596429
164 1.683214
165 1.576071
166 1.573929
167 3.865714
168 1.547143
169 1.540714
170 201.396429
171 1.786071
172 1.623214
173 1.513929
174 1.570714
175 1.539643
176 1.689643
177 1.607143
178 1.553571
179 1.536429
180 1.576071
181 1.606071
182 1.500000
183 1.563214
184 1.536429
185 1.506429
186 1.542857
187 1.550357
188 1.520357
189 1.539643
190 61.403571
191 1.813929
192 1.673571
193 481.660714
194 1.927500
195 1.692857
196 1.599643
197 1.569643
198 1.623214
199 1.599643
200 1.656429
