  1 187.253214
  2 251.155357
  3 80.946786
  4 1.435000
  5 1.307500
  6 283.152500
  7 1.582500
  8 1.375000
  9 1.375000
 10 1.332500
 11 1.290000
 12 1.282500
 13 1.372500
 14 476.125000
 15 1.592500
 16 1.312500
 17 1.337500
 18 1.317500
 19 1.325000
 20 1.332500
 21 1.310000
 22 1.335000
 23 1.312500
 24 1.367500
 25 1.250000
 26 1.277500
 27 1.392500
 28 1.265000
 29 1.327500
 30 616.300000
 31 1.545000
 32 1.317500
 33 1.315000
 34 1.340000
 35 1.237500
 36 1.345000
 37 1.277500
 38 1.252500
 39 1.345000
 40 1.295000
 41 1.240000
 42 1.260000
 43 1.302500
 44 1.290000
 45 1.240000
 46 1.267500
 47 1.317500
 48 1.265000
 49 1.267500
 50 1.247500
 51 1.250000
 52 1.250000
 53 1.322500
 54 1.252500
 55 1.285000
 56 1.277500
 57 1.285000
 58 1.270000
 59 1.275000
 60 1.287500
 61 1.247500
 62 566.080000
 63 1.657500
 64 1.320000
 65 1.292500
 66 1.335000
 67 1.392500
 68 1.327500
 69 1.305000
 70 1.317500
 71 1.257500
 72 1.312500
 73 1.272500
 74 1.282500
 75 1.250000
 76 1.280000
 77 1.302500
 78 1.292500
 79 1.255000
 80 1.277500
 81 1.277500
 82 1.325000
 83 1.282500
 84 1.292500
 85 1.277500
 86 1.285000
 87 1.302500
 88 1.282500
 89 1.330000
 90 1.297500
 91 1.235000
 92 1.265000
 93 1.270000
 94 354.750000
 95 1.575000
 96 1.272500
 97 1.307500
 98 1.322500
 99 1.277500
100 1.342500
101 1.287500
102 1.435000
103 1.290000
104 1.232500
105 1.262500
106 1.245000
107 1.390000
108 1.295000
109 1.262500
110 1.272500
111 1.350000
112 1.290000
113 1.312500
114 1.280000
115 237.790000
116 1.677500
117 1.320000
118 1.297500
119 1.280000
120 1.307500
121 1.307500
122 1.312500
123 1.305000
124 1.302500
125 1.247500
126 611.262500
127 1.625000
128 1.307500
129 1.427500
130 1.310000
131 1.277500
132 1.290000
133 1.382500
134 1.322500
135 1.315000
136 1.290000
137 1.307500
138 1.282500
139 1.312500
140 1.242500
141 1.327500
142 1.380000
143 1.295000
144 1.357500
145 1.292500
146 1.302500
147 1.277500
148 1.277500
149 1.242500
150 1.272500
151 1.265000
152 1.247500
153 1.287500
154 1.252500
155 1.312500
156 1.272500
157 1.287500
158 568.917500
159 1.520000
160 1.405000
161 1.285000
162 1.287500
163 1.330000
164 1.315000
165 1.327500
166 1.302500
167 1.342500
168 1.310000
169 1.287500
170 1.255000
171 1.292500
172 1.275000
173 1.332500
174 1.320000
175 1.307500
176 1.295000
177 1.325000
178 1.267500
179 1.307500
180 1.320000
181 1.270000
182 1.275000
183 1.302500
184 1.300000
185 1.272500
186 1.272500
187 1.277500
188 1.312500
189 1.250000
190 589.027500
191 1.620000
192 1.330000
193 1.327500
194 1.342500
195 1.312500
196 1.332500
197 1.320000
198 1.280000
199 1.342500
200 1.300000
