  1 177.887857
  2 251.580714
  3 83.253929
  4 1.417500
  5 1.285000
  6 263.117500
  7 1.550000
  8 1.277500
  9 1.267500
 10 1.302500
 11 1.290000
 12 1.322500
 13 1.285000
 14 456.150000
 15 1.552500
 16 1.382500
 17 1.315000
 18 1.325000
 19 1.272500
 20 1.275000
 21 1.267500
 22 1.307500
 23 1.302500
 24 1.247500
 25 1.332500
 26 1.257500
 27 1.310000
 28 1.285000
 29 1.250000
 30 597.177500
 31 1.677500
 32 1.357500
 33 1.337500
 34 1.320000
 35 1.302500
 36 1.292500
 37 1.302500
 38 1.295000
 39 1.255000
 40 1.330000
 41 1.235000
 42 1.305000
 43 1.250000
 44 1.315000
 45 1.255000
 46 1.252500
 47 1.272500
 48 1.237500
 49 1.287500
 50 1.257500
 51 1.227500
 52 1.277500
 53 1.270000
 54 1.245000
 55 1.232500
 56 1.262500
 57 1.305000
 58 1.255000
 59 1.252500
 60 1.320000
 61 1.287500
 62 565.202500
 63 1.647500
 64 3.150000
 65 1.427500
 66 1.307500
 67 1.312500
 68 1.292500
 69 1.297500
 70 1.297500
 71 1.347500
 72 1.330000
 73 1.302500
 74 1.282500
 75 1.270000
 76 1.255000
 77 1.260000
 78 1.257500
 79 1.237500
 80 1.260000
 81 1.262500
 82 1.235000
 83 1.242500
 84 1.292500
 85 1.275000
 86 1.270000
 87 1.272500
 88 1.230000
 89 1.290000
 90 1.250000
 91 1.267500
 92 1.330000
 93 1.290000
 94 352.300000
 95 1.582500
 96 1.280000
 97 1.300000
 98 1.292500
 99 1.395000
100 1.292500
101 1.277500
102 1.280000
103 1.272500
104 1.310000
105 1.232500
106 1.257500
107 1.225000
108 1.317500
109 1.245000
110 1.227500
111 1.272500
112 1.225000
113 1.310000
114 1.305000
115 242.980000
116 1.565000
117 1.302500
118 1.405000
119 1.300000
120 1.277500
121 1.267500
122 1.270000
123 1.270000
124 1.217500
125 1.245000
126 602.155000
127 1.592500
128 1.285000
129 1.340000
130 1.300000
131 1.280000
132 1.325000
133 1.287500
134 1.285000
135 1.300000
136 1.280000
137 1.315000
138 1.322500
139 1.275000
140 1.287500
141 1.235000
142 1.280000
143 1.280000
144 1.267500
145 1.230000
146 1.242500
147 1.255000
148 1.265000
149 1.230000
150 1.232500
151 1.240000
152 1.300000
153 1.230000
154 1.262500
155 1.260000
156 1.285000
157 1.225000
158 571.192500
159 1.622500
160 1.380000
161 1.315000
162 1.310000
163 1.302500
164 1.312500
165 1.295000
166 1.287500
167 1.317500
168 1.275000
169 1.320000
170 1.267500
171 1.260000
172 1.267500
173 1.240000
174 1.352500
175 1.237500
176 1.275000
177 1.265000
178 1.237500
179 1.252500
180 1.287500
181 1.235000
182 1.280000
183 1.320000
184 1.247500
185 1.285000
186 1.242500
187 1.242500
188 1.247500
189 1.267500
190 543.152500
191 1.565000
192 1.282500
193 1.280000
194 1.297500
195 1.307500
196 1.287500
197 1.280000
198 1.277500
199 1.335000
200 1.297500
