  1 181.933929
  2 246.861429
  3 79.279286
  4 1.206429
  5 1.101429
  6 285.369643
  7 1.414286
  8 1.103571
  9 1.105714
 10 1.084286
 11 1.127143
 12 1.112143
 13 1.088571
 14 414.535714
 15 1.270714
 16 1.135714
 17 1.107857
 18 1.118571
 19 1.090714
 20 1.080000
 21 1.086429
 22 1.142143
 23 1.071429
 24 1.082143
 25 1.120714
 26 1.082143
 27 1.073571
 28 1.095000
 29 1.178571
 30 632.980714
 31 1.341429
 32 1.182857
 33 1.127143
 34 1.116429
 35 1.088571
 36 1.116429
 37 1.127143
 38 1.080000
 39 1.105714
 40 1.095000
 41 1.101429
 42 1.088571
 43 1.101429
 44 1.114286
 45 1.073571
 46 1.112143
 47 1.067143
 48 1.088571
 49 1.065000
 50 1.080000
 51 1.097143
 52 1.092857
 53 1.082143
 54 1.137857
 55 1.067143
 56 1.105714
 57 1.088571
 58 1.095000
 59 1.103571
 60 1.092857
 61 1.073571
 62 585.769286
 63 1.388571
 64 1.210714
 65 1.105714
 66 1.110000
 67 1.142143
 68 1.129286
 69 1.107857
 70 1.142143
 71 1.137857
 72 1.097143
 73 1.127143
 74 1.133571
 75 1.133571
 76 1.157143
 77 1.077857
 78 1.075714
 79 1.097143
 80 1.112143
 81 1.110000
 82 1.092857
 83 1.135714
 84 1.125000
 85 1.084286
 86 1.082143
 87 1.101429
 88 1.073571
 89 1.058571
 90 1.058571
 91 1.084286
 92 1.101429
 93 1.088571
 94 408.623571
 95 1.386429
 96 1.127143
 97 1.129286
 98 1.105714
 99 1.099286
100 1.090714
101 1.129286
102 1.071429
103 1.101429
104 1.088571
105 1.110000
106 1.073571
107 1.110000
108 1.082143
109 1.092857
110 1.107857
111 1.058571
112 1.086429
113 1.056429
114 1.112143
115 252.855000
116 1.388571
117 1.120714
118 1.118571
119 1.107857
120 1.118571
121 1.118571
122 1.125000
123 1.116429
124 1.075714
125 1.082143
126 608.168571
127 1.311429
128 1.101429
129 1.110000
130 1.170000
131 1.144286
132 1.120714
133 1.165714
134 1.107857
135 1.092857
136 1.099286
137 1.084286
138 1.088571
139 1.105714
140 1.101429
141 1.140000
142 1.105714
143 1.075714
144 1.065000
145 1.065000
146 1.075714
147 1.062857
148 1.090714
149 1.112143
150 1.073571
151 1.050000
152 1.105714
153 1.082143
154 1.101429
155 1.077857
156 1.095000
157 1.075714
158 579.130714
159 1.358571
160 1.140000
161 1.133571
162 1.103571
163 1.144286
164 1.095000
165 1.189286
166 1.118571
167 1.127143
168 1.095000
169 1.073571
170 1.069286
171 1.101429
172 1.069286
173 1.067143
174 1.155000
175 1.095000
176 1.092857
177 1.073571
178 1.080000
179 1.116429
180 1.097143
181 1.101429
182 1.120714
183 1.099286
184 1.110000
185 1.099286
186 1.092857
187 1.088571
188 1.060714
189 1.118571
190 587.290714
191 1.322143
192 1.197857
193 1.157143
194 1.116429
195 1.176429
196 1.152857
197 1.112143
198 1.182857
199 1.120714
200 1.135714
