  1 174.309643
  2 246.375000
  3 79.345714
  4 1.195714
  5 1.005000
  6 286.571786
  7 1.206429
  8 1.047857
  9 1.086429
 10 1.030714
 11 1.045714
 12 1.007143
 13 1.007143
 14 449.941071
 15 1.902857
 16 1.610357
 17 1.553571
 18 1.610357
 19 1.612500
 20 1.593214
 21 1.580357
 22 1.506429
 23 1.553571
 24 1.526786
 25 1.650000
 26 1.556786
 27 1.662857
 28 1.576071
 29 1.567500
 30 585.313929
 31 1.933929
 32 1.582500
 33 1.556786
 34 1.606071
 35 1.596429
 36 1.606071
 37 1.569643
 38 1.523571
 39 3.829286
 40 1.553571
 41 1.542857
 42 1.530000
 43 1.583571
 44 1.580357
 45 1.517143
 46 1.503214
 47 1.586786
 48 1.547143
 49 1.560000
 50 1.560000
 51 1.539643
 52 1.553571
 53 1.560000
 54 1.560000
 55 1.596429
 56 1.530000
 57 1.549286
 58 1.563214
 59 1.513929
 60 1.600714
 61 1.536429
 62 553.406786
 63 1.989643
 64 1.613571
 65 1.599643
 66 1.630714
 67 1.616786
 68 1.593214
 69 1.547143
 70 1.603929
 71 1.580357
 72 1.576071
 73 1.577143
 74 1.542857
 75 1.583571
 76 1.542857
 77 1.530000
 78 1.610357
 79 1.543929
 80 1.526786
 81 1.566429
 82 1.603929
 83 1.579286
 84 1.547143
 85 1.507500
 86 1.603929
 87 1.580357
 88 1.536429
 89 1.482857
 90 1.510714
 91 1.547143
 92 1.543929
 93 1.530000
 94 332.777143
 95 1.856786
 96 1.569643
 97 1.577143
 98 1.580357
 99 1.623214
100 1.583571
101 1.553571
102 1.697143
103 1.616786
104 1.540714
105 1.610357
106 1.613571
107 1.586786
108 1.650000
109 1.500000
110 1.525714
111 1.563214
112 1.526786
113 1.583571
114 1.542857
115 219.456429
116 1.860000
117 1.620000
118 1.585714
119 1.602857
120 1.573929
121 1.566429
122 1.556786
123 1.553571
124 1.560000
125 1.507500
126 607.247143
127 1.796786
128 1.566429
129 1.623214
130 1.726071
131 1.593214
132 1.650000
133 1.536429
134 1.506429
135 1.593214
136 1.530000
137 1.596429
138 1.579286
139 1.637143
140 1.703571
141 1.512857
142 1.530000
143 1.563214
144 1.603929
145 1.560000
146 1.526786
147 1.570714
148 1.540714
149 1.533214
150 1.540714
151 1.520357
152 1.516071
153 1.526786
154 1.593214
155 1.550357
156 1.523571
157 1.539643
158 538.487143
159 1.803214
160 1.673571
161 1.586786
162 1.616786
163 1.583571
164 1.573929
165 1.600714
166 1.563214
167 1.606071
168 1.512857
169 1.490357
170 1.510714
171 1.566429
172 1.560000
173 1.503214
174 1.540714
175 1.596429
176 1.560000
177 1.553571
178 1.513929
179 3.857143
180 1.653214
181 1.530000
182 1.533214
183 1.510714
184 1.512857
185 1.480714
186 1.513929
187 1.547143
188 1.569643
189 1.603929
190 512.347500
191 1.830000
192 1.594286
193 1.746429
194 1.667143
195 1.579286
196 1.620000
197 1.736786
198 1.670357
199 1.623214
200 1.596429
