  1 3.360000
  2 1.996071
  3 1.782857
  4 1.757143
  5 1.730357
  6 1.706786
  7 1.757143
  8 1.713214
  9 1.686429
 10 1.669286
 11 1.710000
 12 1.683214
 13 1.670357
 14 1.632857
 15 1.740000
 16 1.616786
 17 1.653214
 18 1.702500
 19 1.683214
 20 1.970357
 21 1.566429
 22 1.569643
 23 1.632857
 24 1.560000
 25 1.560000
 26 1.607143
 27 1.552500
 28 1.520357
 29 1.493571
 30 1.512857
 31 1.553571
 32 1.526786
 33 1.506429
 34 1.509643
 35 1.490357
 36 1.547143
 37 1.519286
 38 1.523571
 39 1.460357
 40 1.539643
 41 1.466786
 42 1.519286
 43 1.503214
 44 1.506429
 45 1.487143
 46 1.500000
 47 1.490357
 48 1.693929
 49 1.500000
 50 1.504286
 51 1.490357
 52 1.493571
 53 1.459286
 54 1.553571
 55 1.483929
 56 1.596429
 57 1.493571
 58 1.500000
 59 1.443214
 60 1.479643
 61 1.517143
 62 1.500000
 63 1.443214
 64 1.533214
 65 1.446429
 66 1.504286
 67 1.450714
 68 1.500000
 69 1.500000
 70 1.503214
 71 1.443214
 72 1.503214
 73 1.453929
 74 1.476429
 75 1.492500
 76 1.530000
 77 1.479643
 78 1.512857
 79 1.449643
 80 1.492500
 81 1.509643
 82 1.495714
 83 1.443214
 84 1.506429
 85 1.500000
 86 1.453929
 87 1.507500
 88 1.477500
 89 1.452857
 90 1.479643
 91 1.500000
 92 1.466786
 93 1.466786
 94 1.466786
 95 1.496786
 96 1.489286
 97 1.449643
 98 1.500000
 99 1.446429
100 1.513929
101 1.482857
102 1.492500
103 1.446429
104 1.503214
105 1.444286
106 1.503214
107 1.459286
108 1.534286
109 1.482857
110 1.512857
111 1.517143
112 1.579286
113 1.480714
114 1.490357
115 1.463571
116 1.523571
117 1.496786
118 1.493571
119 1.450714
120 1.540714
121 1.450714
122 1.490357
123 1.489286
124 1.523571
125 1.463571
126 1.550357
127 1.500000
128 1.466786
129 1.460357
130 1.492500
131 1.460357
132 1.512857
133 1.453929
134 1.520357
135 1.489286
136 1.520357
137 1.482857
138 1.486071
139 1.486071
140 1.477500
141 1.449643
142 1.517143
143 1.483929
144 1.503214
145 1.473214
146 1.490357
147 1.480714
148 1.517143
149 1.450714
150 1.496786
151 1.533214
152 1.449643
153 1.500000
154 1.487143
155 1.517143
156 1.457143
157 1.449643
158 1.507500
159 1.446429
160 1.503214
161 1.503214
162 1.516071
163 1.450714
164 1.496786
165 1.453929
166 1.486071
167 1.500000
168 1.479643
169 1.520357
170 1.450714
171 1.487143
172 1.496786
173 1.449643
174 1.510714
175 1.446429
176 1.509643
177 1.489286
178 1.506429
179 1.490357
180 1.489286
181 1.479643
182 1.510714
183 1.487143
184 1.500000
185 1.486071
186 1.492500
187 1.482857
188 1.489286
189 1.483929
190 1.503214
191 1.492500
192 1.500000
193 1.449643
194 1.493571
195 1.490357
196 1.457143
197 1.460357
198 1.500000
199 1.493571
200 1.504286
  1 182.126786
  2 319.750714
  3 23.906786
  4 161.973214
  5 1.770000
  6 285.446786
  7 1.823571
  8 1.633929
  9 1.540714
 10 1.530000
 11 1.526786
 12 1.530000
 13 1.537500
 14 677.926071
 15 1.876071
 16 1.743214
 17 1.659643
 18 1.676786
 19 1.670357
 20 1.646786
 21 1.669286
 22 1.713214
 23 1.667143
 24 1.656429
 25 1.607143
 26 1.656429
 27 1.594286
 28 1.585714
 29 1.580357
 30 596.340000
 31 1.860000
 32 3.803571
 33 1.752857
 34 1.556786
 35 1.549286
 36 1.549286
 37 1.530000
 38 1.530000
 39 1.500000
 40 1.533214
 41 1.503214
 42 1.496786
 43 1.489286
 44 1.493571
 45 1.487143
 46 1.496786
 47 1.492500
 48 1.560000
 49 1.482857
 50 1.476429
 51 1.526786
 52 1.503214
 53 1.480714
 54 1.503214
 55 1.553571
 56 1.522500
 57 1.495714
 58 1.486071
 59 1.513929
 60 1.507500
 61 1.487143
 62 515.176071
 63 1.896429
 64 1.576071
 65 1.620000
 66 1.552500
 67 1.530000
 68 1.566429
 69 1.556786
 70 1.543929
 71 1.549286
 72 1.542857
 73 1.523571
 74 1.556786
 75 1.560000
 76 1.496786
 77 1.530000
 78 1.530000
 79 1.482857
 80 1.477500
 81 1.506429
 82 1.512857
 83 1.549286
 84 1.496786
 85 1.510714
 86 1.506429
 87 1.504286
 88 1.496786
 89 1.500000
 90 1.506429
 91 1.540714
 92 1.483929
 93 1.493571
 94 530.220000
 95 1.830000
 96 1.590000
 97 1.536429
 98 1.583571
 99 1.583571
100 1.533214
101 1.530000
102 1.569643
103 1.573929
104 1.519286
105 1.519286
106 1.510714
107 1.549286
108 1.517143
109 1.517143
110 1.509643
111 1.530000
112 1.509643
113 1.520357
114 1.596429
115 1.867500
116 1.569643
117 1.556786
118 1.572857
119 1.543929
120 1.550357
121 1.579286
122 1.560000
123 1.496786
124 1.539643
125 1.547143
126 671.859643
127 1.886786
128 1.610357
129 1.533214
130 1.566429
131 1.537500
132 1.539643
133 1.526786
134 1.517143
135 1.539643
136 1.523571
137 1.546071
138 1.553571
139 1.547143
140 1.489286
141 1.489286
142 1.530000
143 1.483929
144 1.457143
145 1.503214
146 1.586786
147 1.500000
148 1.483929
149 1.500000
150 1.496786
151 1.507500
152 1.530000
153 1.540714
154 1.669286
155 1.720714
156 1.676786
157 1.673571
158 517.506429
159 1.863214
160 1.539643
161 1.539643
162 1.586786
163 1.616786
164 1.509643
165 1.493571
166 1.526786
167 1.509643
168 1.579286
169 1.536429
170 1.533214
171 1.463571
172 1.493571
173 1.509643
174 1.513929
175 1.493571
176 1.486071
177 1.465714
178 1.489286
179 1.560000
180 1.489286
181 1.486071
182 1.509643
183 1.509643
184 1.517143
185 1.560000
186 1.536429
187 1.512857
188 1.489286
189 1.516071
190 552.300000
191 1.816071
192 1.583571
193 1.547143
194 1.530000
195 1.549286
196 1.616786
197 1.530000
198 1.536429
199 1.547143
200 1.500000
