  1 212.406429
  2 261.093571
  3 82.950714
  4 1.643571
  5 1.400714
  6 281.960714
  7 1.770000
  8 1.448571
  9 1.451429
 10 1.446429
 11 1.488571
 12 1.425000
 13 1.403571
 14 388.665000
 15 1.710000
 16 1.502857
 17 1.422143
 18 1.487857
 19 1.427857
 20 1.440000
 21 1.455000
 22 1.419286
 23 1.442857
 24 1.475714
 25 1.512143
 26 1.422143
 27 1.452143
 28 1.437143
 29 1.427857
 30 672.045000
 31 1.752143
 32 1.407143
 33 1.494286
 34 1.512143
 35 1.472857
 36 1.425000
 37 1.490714
 38 1.422143
 39 1.458571
 40 1.419286
 41 1.434286
 42 1.383571
 43 1.437143
 44 1.425000
 45 1.386429
 46 1.382857
 47 1.422143
 48 1.427857
 49 1.419286
 50 1.397857
 51 1.442857
 52 1.404286
 53 1.440000
 54 1.425000
 55 1.449286
 56 1.506429
 57 1.403571
 58 1.448571
 59 1.397857
 60 1.425000
 61 1.410000
 62 542.267857
 63 1.767143
 64 1.437143
 65 1.460714
 66 1.560000
 67 1.494286
 68 1.428571
 69 1.457857
 70 1.470000
 71 1.437143
 72 1.448571
 73 1.448571
 74 1.452143
 75 1.410000
 76 1.391429
 77 1.449286
 78 1.397857
 79 1.400714
 80 1.418571
 81 1.442857
 82 1.419286
 83 1.403571
 84 1.367857
 85 1.397857
 86 1.445714
 87 1.464286
 88 1.395000
 89 1.440000
 90 1.401429
 91 1.397857
 92 1.431429
 93 1.451429
 94 371.942857
 95 1.740000
 96 1.547857
 97 1.485000
 98 1.470000
 99 1.460714
100 1.472857
101 1.476429
102 1.455000
103 1.421429
104 1.419286
105 1.404286
106 1.431429
107 1.437143
108 1.434286
109 1.389286
110 1.397857
111 1.410000
112 1.403571
113 1.410000
114 1.385714
115 258.620714
116 1.922857
117 1.476429
118 1.470000
119 1.512143
120 1.455000
121 1.476429
122 1.442857
123 1.512143
124 1.403571
125 1.479286
126 626.195714
127 1.670714
128 1.463571
129 1.437143
130 1.442857
131 1.440000
132 1.419286
133 1.442857
134 1.457857
135 1.419286
136 1.527143
137 1.442857
138 1.455000
139 1.397857
140 1.433571
141 1.436429
142 1.418571
143 1.400714
144 1.410000
145 1.418571
146 1.442857
147 1.418571
148 1.397857
149 1.404286
150 1.458571
151 1.400714
152 1.473571
153 1.422143
154 1.404286
155 1.427857
156 1.425000
157 1.395000
158 528.653571
159 1.775714
160 1.452143
161 1.475714
162 1.442857
163 1.463571
164 1.464286
165 1.373571
166 1.431429
167 1.416429
168 1.433571
169 1.425000
170 1.370714
171 1.407143
172 1.346429
173 1.440000
174 1.395000
175 1.418571
176 1.377143
177 1.431429
178 1.425000
179 1.385714
180 1.419286
181 1.386429
182 1.389286
183 1.371429
184 1.410000
185 1.433571
186 1.401429
187 1.440000
188 1.386429
189 1.392143
190 555.317857
191 1.808571
192 1.502857
193 1.472857
194 1.442857
195 1.433571
196 1.446429
197 1.461429
198 1.451429
199 1.460714
200 1.433571
