  1 197.175000
  2 259.696071
  3 81.956786
  4 1.747500
  5 1.643571
  6 283.062857
  7 2.070000
  8 1.637143
  9 1.616786
 10 1.586786
 11 1.689643
 12 1.616786
 13 1.563214
 14 348.399643
 15 1.810714
 16 3.746786
 17 0.600000
 18 0.602143
 19 0.578571
 20 0.585000
 21 0.570000
 22 0.592500
 23 0.571071
 24 0.576429
 25 0.590357
 26 0.608571
 27 0.601071
 28 0.608571
 29 0.564643
 30 605.033571
 31 0.760714
 32 0.608571
 33 0.627857
 34 0.618214
 35 0.582857
 36 0.585000
 37 0.589286
 38 0.593571
 39 0.609643
 40 0.651429
 41 0.588214
 42 0.586071
 43 0.583929
 44 0.563571
 45 0.577500
 46 0.592500
 47 0.567857
 48 0.576429
 49 0.571071
 50 0.603214
 51 0.560357
 52 0.578571
 53 0.572143
 54 0.561429
 55 0.573214
 56 0.565714
 57 0.555000
 58 0.588214
 59 0.562500
 60 0.576429
 61 0.574286
 62 738.196071
 63 1.251429
 64 1.028571
 65 1.043571
 66 1.058571
 67 1.088571
 68 1.013571
 69 1.080000
 70 1.005000
 71 0.994286
 72 1.077857
 73 0.992143
 74 1.022143
 75 1.002857
 76 0.994286
 77 1.026429
 78 1.000714
 79 1.017857
 80 0.975000
 81 1.060714
 82 1.011429
 83 1.032857
 84 1.026429
 85 1.013571
 86 1.069286
 87 1.013571
 88 1.000714
 89 0.998571
 90 1.015714
 91 1.022143
 92 1.002857
 93 1.000714
 94 410.440714
 95 1.236429
 96 1.058571
 97 1.022143
 98 1.039286
 99 1.050000
100 1.020000
101 0.994286
102 0.998571
103 1.116429
104 0.983571
105 1.000714
106 1.022143
107 1.009286
108 0.987857
109 0.994286
110 1.017857
111 0.994286
112 1.020000
113 1.009286
114 1.005000
115 276.571071
116 1.328571
117 1.047857
118 1.062857
119 1.069286
120 1.030714
121 1.024286
122 1.022143
123 1.022143
124 1.105714
125 0.998571
126 663.252857
127 1.202143
128 1.067143
129 1.054286
130 1.050000
131 1.075714
132 1.041429
133 1.062857
134 1.050000
135 0.992143
136 1.054286
137 1.062857
138 1.020000
139 1.041429
140 1.041429
141 1.075714
142 1.075714
143 1.039286
144 1.045714
145 1.054286
146 1.007143
147 1.032857
148 1.032857
149 1.024286
150 1.030714
151 1.015714
152 0.996429
153 1.024286
154 1.039286
155 1.015714
156 1.002857
157 1.026429
158 597.784286
159 1.296429
160 1.043571
161 2.492143
162 1.075714
163 1.045714
164 1.047857
165 1.022143
166 1.107857
167 1.114286
168 1.058571
169 1.022143
170 1.092857
171 1.043571
172 1.020000
173 1.043571
174 1.007143
175 1.073571
176 1.026429
177 1.037143
178 0.996429
179 0.994286
180 1.026429
181 0.994286
182 1.052143
183 0.994286
184 1.017857
185 1.030714
186 1.007143
187 1.035000
188 0.987857
189 0.998571
190 551.807143
191 1.322143
192 1.067143
193 1.039286
194 1.097143
195 1.039286
196 1.041429
197 1.037143
198 1.032857
199 1.054286
200 1.030714
