  1 219.219643
  2 266.227500
  3 82.255714
  4 1.779643
  5 1.697143
  6 362.532857
  7 1.849286
  8 1.599643
  9 1.632857
 10 1.616786
 11 1.599643
 12 1.640357
 13 1.609286
 14 374.139643
 15 2.013214
 16 1.623214
 17 1.593214
 18 1.686429
 19 1.640357
 20 1.629643
 21 1.599643
 22 1.579286
 23 1.512857
 24 1.632857
 25 1.670357
 26 1.653214
 27 1.666071
 28 1.636071
 29 1.640357
 30 594.363214
 31 1.927500
 32 1.636071
 33 1.613571
 34 1.653214
 35 1.599643
 36 3.786429
 37 1.569643
 38 1.556786
 39 1.633929
 40 1.659643
 41 1.523571
 42 1.542857
 43 1.533214
 44 1.593214
 45 1.536429
 46 1.503214
 47 1.500000
 48 1.526786
 49 1.556786
 50 1.586786
 51 1.500000
 52 1.547143
 53 1.566429
 54 1.550357
 55 1.533214
 56 1.503214
 57 1.593214
 58 1.540714
 59 1.517143
 60 1.593214
 61 1.590000
 62 537.433929
 63 1.877143
 64 1.670357
 65 1.596429
 66 1.613571
 67 1.580357
 68 1.583571
 69 1.569643
 70 1.556786
 71 1.629643
 72 1.520357
 73 1.566429
 74 1.519286
 75 1.560000
 76 1.583571
 77 1.536429
 78 1.613571
 79 1.523571
 80 1.637143
 81 1.572857
 82 1.569643
 83 1.550357
 84 1.624286
 85 1.586786
 86 1.519286
 87 1.566429
 88 1.542857
 89 1.569643
 90 1.626429
 91 1.569643
 92 1.556786
 93 1.556786
 94 329.226429
 95 1.890000
 96 1.657500
 97 1.642500
 98 1.590000
 99 1.610357
100 1.659643
101 1.632857
102 1.613571
103 1.602857
104 1.615714
105 1.530000
106 1.700357
107 1.576071
108 1.517143
109 1.563214
110 1.582500
111 1.569643
112 1.573929
113 1.550357
114 1.517143
115 223.009286
116 1.820357
117 1.659643
118 1.580357
119 1.623214
120 1.573929
121 1.566429
122 1.597500
123 1.609286
124 1.560000
125 1.569643
126 598.960714
127 1.923214
128 1.673571
129 1.566429
130 1.630714
131 3.873214
132 1.729286
133 1.666071
134 1.569643
135 1.727143
136 1.590000
137 1.563214
138 1.556786
139 1.542857
140 1.566429
141 1.566429
142 1.556786
143 1.566429
144 1.573929
145 1.586786
146 1.533214
147 1.560000
148 1.536429
149 1.536429
150 1.530000
151 1.553571
152 1.539643
153 1.563214
154 1.577143
155 1.530000
156 1.539643
157 1.640357
158 537.192857
159 1.906071
160 1.667143
161 1.666071
162 1.603929
163 1.660714
164 1.563214
165 1.616786
166 1.662857
167 1.606071
168 1.553571
169 1.556786
170 1.566429
171 1.566429
172 1.590000
173 1.549286
174 1.585714
175 1.553571
176 1.583571
177 1.536429
178 2.436429
179 1.645714
180 1.583571
181 1.629643
182 1.643571
183 1.602857
184 1.576071
185 1.586786
186 1.566429
187 1.646786
188 1.536429
189 1.523571
190 481.613571
191 1.906071
192 1.653214
193 1.610357
194 1.676786
195 1.596429
196 1.590000
197 1.590000
198 1.610357
199 1.596429
200 1.536429
