  1 3.423214
  2 2.040000
  3 1.653214
  4 1.583571
  5 1.506429
  6 1.516071
  7 1.543929
  8 1.539643
  9 1.500000
 10 1.496786
 11 1.672500
 12 1.490357
 13 1.496786
 14 1.507500
 15 1.516071
 16 1.509643
 17 1.513929
 18 1.526786
 19 1.526786
 20 1.513929
 21 1.496786
 22 1.520357
 23 1.520357
 24 1.503214
 25 1.519286
 26 1.530000
 27 1.503214
 28 1.549286
 29 1.500000
 30 1.510714
 31 1.493571
 32 1.520357
 33 1.746429
 34 1.556786
 35 1.629643
 36 1.563214
 37 1.640357
 38 1.526786
 39 1.506429
 40 1.696071
 41 1.479643
 42 1.512857
 43 1.643571
 44 1.547143
 45 1.610357
 46 1.530000
 47 1.500000
 48 1.706786
 49 1.522500
 50 1.503214
 51 1.526786
 52 1.550357
 53 1.523571
 54 1.542857
 55 1.506429
 56 1.580357
 57 1.500000
 58 1.509643
 59 1.512857
 60 1.487143
 61 1.576071
 62 1.504286
 63 1.490357
 64 1.566429
 65 1.476429
 66 1.533214
 67 1.506429
 68 1.500000
 69 1.512857
 70 1.482857
 71 1.493571
 72 1.496786
 73 1.512857
 74 1.490357
 75 1.486071
 76 1.539643
 77 1.477500
 78 1.516071
 79 1.507500
 80 1.483929
 81 1.466786
 82 1.506429
 83 1.509643
 84 1.504286
 85 1.506429
 86 1.512857
 87 1.523571
 88 1.463571
 89 1.457143
 90 1.463571
 91 1.523571
 92 1.496786
 93 1.507500
 94 1.457143
 95 1.509643
 96 1.550357
 97 1.466786
 98 1.506429
 99 1.465714
100 1.482857
101 1.500000
102 1.506429
103 1.462500
104 1.576071
105 1.459286
106 1.500000
107 1.459286
108 1.526786
109 1.493571
110 1.517143
111 1.500000
112 1.569643
113 1.460357
114 1.513929
115 1.460357
116 1.490357
117 1.492500
118 1.512857
119 1.460357
120 1.526786
121 1.460357
122 1.509643
123 1.460357
124 1.593214
125 1.463571
126 1.447500
127 1.463571
128 1.482857
129 1.463571
130 1.486071
131 1.460357
132 1.586786
133 1.517143
134 1.560000
135 1.510714
136 1.496786
137 1.496786
138 1.489286
139 1.496786
140 1.490357
141 1.459286
142 1.510714
143 1.486071
144 1.466786
145 1.462500
146 1.513929
147 1.500000
148 1.490357
149 1.460357
150 1.516071
151 1.460357
152 1.493571
153 1.512857
154 1.479643
155 1.493571
156 1.509643
157 1.496786
158 1.506429
159 1.459286
160 1.486071
161 1.509643
162 1.526786
163 1.460357
164 1.509643
165 1.459286
166 1.510714
167 1.463571
168 1.517143
169 1.463571
170 1.507500
171 1.463571
172 1.570714
173 1.463571
174 1.473214
175 1.463571
176 1.493571
177 1.503214
178 1.480714
179 1.506429
180 1.539643
181 1.460357
182 1.513929
183 1.493571
184 1.539643
185 1.517143
186 1.516071
187 1.550357
188 1.496786
189 1.500000
190 1.470000
191 1.500000
192 1.462500
193 1.522500
194 1.460357
195 1.496786
196 1.463571
197 1.496786
198 1.506429
199 1.479643
200 1.530000
  1 220.509643
  2 243.999643
  3 23.003571
  4 119.269286
  5 1.777500
  6 276.600000
  7 1.803214
  8 1.530000
  9 1.546071
 10 1.566429
 11 1.553571
 12 1.629643
 13 1.533214
 14 400.140000
 15 1.980000
 16 1.723929
 17 1.603929
 18 1.580357
 19 1.580357
 20 1.603929
 21 1.579286
 22 1.580357
 23 1.580357
 24 1.580357
 25 1.520357
 26 1.517143
 27 1.579286
 28 1.569643
 29 1.572857
 30 606.486429
 31 1.916786
 32 1.572857
 33 1.692857
 34 1.620000
 35 1.542857
 36 1.590000
 37 1.534286
 38 1.546071
 39 1.496786
 40 1.500000
 41 1.533214
 42 1.506429
 43 1.546071
 44 1.549286
 45 1.536429
 46 1.542857
 47 1.489286
 48 1.509643
 49 1.510714
 50 1.546071
 51 1.506429
 52 1.620000
 53 1.540714
 54 1.509643
 55 1.506429
 56 1.517143
 57 1.506429
 58 1.569643
 59 1.510714
 60 1.526786
 61 1.503214
 62 538.973571
 63 1.920000
 64 1.583571
 65 1.582500
 66 1.553571
 67 1.569643
 68 1.546071
 69 1.530000
 70 1.506429
 71 1.523571
 72 1.476429
 73 1.526786
 74 1.493571
 75 1.503214
 76 1.486071
 77 1.496786
 78 1.500000
 79 1.500000
 80 1.536429
 81 1.556786
 82 1.583571
 83 1.512857
 84 1.500000
 85 1.473214
 86 1.533214
 87 1.503214
 88 1.496786
 89 1.553571
 90 1.520357
 91 1.493571
 92 1.547143
 93 1.506429
 94 514.959643
 95 1.853571
 96 1.566429
 97 1.553571
 98 1.547143
 99 1.552500
100 1.566429
101 1.547143
102 1.542857
103 1.540714
104 1.506429
105 1.566429
106 1.523571
107 1.513929
108 1.500000
109 1.503214
110 1.456071
111 1.590000
112 1.563214
113 1.517143
114 1.530000
115 1.987500
116 1.563214
117 1.586786
118 1.606071
119 1.593214
120 1.563214
121 1.563214
122 1.586786
123 1.553571
124 1.540714
125 1.503214
126 500.056071
127 1.882500
128 1.602857
129 1.577143
130 1.539643
131 1.546071
132 1.500000
133 1.536429
134 1.516071
135 1.526786
136 1.596429
137 1.530000
138 1.503214
139 1.556786
140 3.787500
141 1.556786
142 1.507500
143 1.490357
144 1.542857
145 1.503214
146 1.512857
147 1.506429
148 1.503214
149 1.489286
150 1.586786
151 1.539643
152 1.539643
153 1.616786
154 1.672500
155 1.600714
156 1.537500
157 1.556786
158 541.863214
159 1.839643
160 1.615714
161 1.590000
162 1.550357
163 1.552500
164 1.567500
165 1.510714
166 1.549286
167 1.540714
168 1.526786
169 1.530000
170 1.503214
171 1.503214
172 1.570714
173 1.520357
174 1.517143
175 1.503214
176 1.549286
177 1.526786
178 1.510714
179 1.500000
180 1.493571
181 1.500000
182 1.552500
183 1.523571
184 1.517143
185 1.517143
186 1.509643
187 74.423571
188 1.970357
189 1.626429
190 475.749643
191 1.966071
192 1.533214
193 1.536429
194 1.543929
195 1.573929
196 1.533214
197 1.530000
198 1.543929
199 1.550357
200 1.486071
