  1 173.646429
  2 250.618929
  3 79.444286
  4 2.547857
  5 1.058571
  6 286.336071
  7 1.302857
  8 1.050000
  9 1.043571
 10 1.030714
 11 1.050000
 12 1.015714
 13 1.054286
 14 457.977857
 15 1.863214
 16 1.603929
 17 1.620000
 18 1.687500
 19 1.566429
 20 1.633929
 21 1.590000
 22 1.646786
 23 1.646786
 24 1.636071
 25 1.603929
 26 1.567500
 27 1.623214
 28 1.596429
 29 1.676786
 30 493.582500
 31 4.133571
 32 1.650000
 33 1.610357
 34 1.596429
 35 1.736786
 36 1.676786
 37 1.590000
 38 1.552500
 39 1.713214
 40 1.566429
 41 1.569643
 42 1.596429
 43 1.593214
 44 1.580357
 45 1.613571
 46 1.556786
 47 1.560000
 48 1.580357
 49 1.590000
 50 1.547143
 51 1.539643
 52 1.556786
 53 1.540714
 54 1.533214
 55 1.550357
 56 1.546071
 57 1.639286
 58 1.556786
 59 1.597500
 60 1.563214
 61 1.553571
 62 536.526429
 63 2.043214
 64 1.626429
 65 1.666071
 66 1.646786
 67 1.646786
 68 1.643571
 69 1.626429
 70 1.627500
 71 1.629643
 72 1.616786
 73 1.586786
 74 1.593214
 75 1.593214
 76 1.510714
 77 1.646786
 78 1.542857
 79 1.680000
 80 1.624286
 81 1.533214
 82 1.650000
 83 1.616786
 84 1.573929
 85 1.590000
 86 1.594286
 87 1.620000
 88 1.556786
 89 1.586786
 90 1.586786
 91 1.573929
 92 1.603929
 93 1.623214
 94 329.490000
 95 1.980000
 96 1.583571
 97 1.616786
 98 1.607143
 99 1.650000
100 1.616786
101 1.590000
102 1.579286
103 1.600714
104 1.613571
105 1.616786
106 1.560000
107 1.590000
108 1.590000
109 1.553571
110 1.572857
111 1.629643
112 1.542857
113 1.662857
114 1.609286
115 213.366429
116 1.903929
117 1.680000
118 1.627500
119 1.632857
120 1.599643
121 1.626429
122 1.603929
123 1.569643
124 1.613571
125 1.583571
126 602.750357
127 1.926429
128 1.640357
129 1.659643
130 1.590000
131 1.586786
132 1.579286
133 1.599643
134 1.660714
135 3.830357
136 1.615714
137 1.569643
138 1.620000
139 1.579286
140 1.590000
141 1.577143
142 1.569643
143 1.549286
144 1.560000
145 1.546071
146 1.673571
147 1.573929
148 1.577143
149 1.577143
150 1.566429
151 1.567500
152 1.540714
153 1.613571
154 1.602857
155 1.593214
156 1.556786
157 1.536429
158 507.199286
159 1.906071
160 1.586786
161 1.653214
162 1.689643
163 1.766786
164 1.590000
165 1.583571
166 1.566429
167 3.857143
168 1.716429
169 1.710000
170 1.580357
171 1.612500
172 1.570714
173 1.580357
174 1.675714
175 1.556786
176 1.560000
177 1.576071
178 1.539643
179 1.577143
180 1.549286
181 1.627500
182 1.566429
183 1.569643
184 1.606071
185 1.610357
186 1.613571
187 1.596429
188 1.573929
189 1.620000
190 640.893214
191 1.932857
192 1.660714
193 1.656429
194 1.646786
195 1.650000
196 1.580357
197 1.596429
198 1.616786
199 1.606071
200 1.616786
