  1 220.932857
  2 267.446786
  3 81.026786
  4 2.160000
  5 1.826786
  6 392.256429
  7 2.059286
  8 1.869643
  9 1.779643
 10 1.703571
 11 1.703571
 12 1.753929
 13 1.686429
 14 327.926786
 15 2.016429
 16 1.744286
 17 1.727143
 18 1.710000
 19 1.706786
 20 1.693929
 21 1.697143
 22 1.702500
 23 1.703571
 24 1.706786
 25 1.866429
 26 1.706786
 27 1.637143
 28 1.646786
 29 1.662857
 30 562.770000
 31 2.027143
 32 1.719643
 33 1.749643
 34 1.663929
 35 1.656429
 36 1.620000
 37 1.640357
 38 1.626429
 39 1.629643
 40 1.569643
 41 1.623214
 42 1.620000
 43 1.636071
 44 1.613571
 45 1.623214
 46 1.613571
 47 1.763571
 48 1.833214
 49 1.822500
 50 1.796786
 51 1.806429
 52 1.770000
 53 1.746429
 54 1.746429
 55 1.786071
 56 1.776429
 57 1.746429
 58 1.789286
 59 1.822500
 60 1.830000
 61 1.779643
 62 438.487500
 63 2.073214
 64 1.673571
 65 1.842857
 66 1.683214
 67 3.999643
 68 1.910357
 69 1.849286
 70 1.830000
 71 1.833214
 72 1.837500
 73 1.812857
 74 1.796786
 75 1.800000
 76 1.809643
 77 1.796786
 78 1.836429
 79 1.782857
 80 1.809643
 81 1.833214
 82 1.796786
 83 1.823571
 84 1.809643
 85 1.803214
 86 1.836429
 87 1.817143
 88 1.749643
 89 1.826786
 90 1.806429
 91 1.804286
 92 1.787143
 93 1.793571
 94 430.863214
 95 1.999286
 96 1.676786
 97 1.833214
 98 1.846071
 99 1.837500
100 1.842857
101 1.886786
102 1.850357
103 1.736786
104 1.640357
105 1.657500
106 1.796786
107 1.697143
108 1.607143
109 1.637143
110 1.690714
111 1.607143
112 1.820357
113 1.763571
114 1.766786
115 1.766786
116 1.779643
117 1.786071
118 1.782857
119 1.773214
120 1.816071
121 1.793571
122 1.803214
123 1.800000
124 1.800000
125 1.803214
126 438.140357
127 2.196429
128 1.717500
129 1.683214
130 1.860000
131 1.723929
132 1.693929
133 1.656429
134 1.687500
135 1.693929
136 1.806429
137 1.683214
138 1.620000
139 1.740000
140 1.710000
141 1.643571
142 1.653214
143 1.662857
144 1.623214
145 1.816071
146 1.813929
147 1.806429
148 1.766786
149 1.823571
150 1.796786
151 1.793571
152 1.770000
153 1.800000
154 1.773214
155 1.770000
156 1.779643
157 1.683214
158 463.852500
159 2.146071
160 1.766786
161 1.676786
162 1.706786
163 1.667143
164 1.613571
165 1.627500
166 1.636071
167 1.786071
168 1.673571
169 1.746429
170 1.770000
171 1.833214
172 1.756071
173 1.759286
174 1.703571
175 1.642500
176 1.760357
177 1.659643
178 1.783929
179 1.759286
180 1.763571
181 1.823571
182 1.752857
183 1.776429
184 1.760357
185 1.779643
186 1.770000
187 1.833214
188 1.763571
189 1.710000
190 473.586429
191 2.023929
192 1.850357
193 1.842857
194 0.680357
195 0.669643
196 0.685714
197 0.632143
198 0.666429
199 0.662143
200 0.652500
