  1 226.378571
  2 260.302500
  3 79.268571
  4 0.947857
  5 0.791786
  6 281.030357
  7 2.002500
  8 1.842857
  9 0.878929
 10 0.808571
 11 0.741071
 12 0.765000
 13 0.793214
 14 337.965000
 15 0.987143
 16 0.797857
 17 0.813214
 18 0.783214
 19 0.760357
 20 0.748571
 21 0.753214
 22 0.742500
 23 0.743929
 24 0.750000
 25 0.754643
 26 0.743929
 27 0.758929
 28 0.747143
 29 0.727500
 30 635.251429
 31 1.000357
 32 0.844643
 33 0.833929
 34 0.788929
 35 0.787500
 36 0.793571
 37 0.781429
 38 0.789286
 39 0.784286
 40 0.784286
 41 0.739643
 42 0.765000
 43 0.777143
 44 0.766429
 45 0.762143
 46 0.769286
 47 0.768214
 48 0.750000
 49 0.754643
 50 0.739643
 51 0.784286
 52 0.774286
 53 0.742500
 54 0.763571
 55 0.766429
 56 0.756071
 57 0.769286
 58 0.773929
 59 0.754643
 60 0.771071
 61 0.772500
 62 552.817500
 63 0.969286
 64 0.796429
 65 0.760714
 66 0.781786
 67 0.763571
 68 0.760357
 69 0.746786
 70 0.750000
 71 0.760714
 72 0.748571
 73 0.742500
 74 0.746786
 75 0.724643
 76 0.727500
 77 0.745714
 78 0.731786
 79 0.754643
 80 0.748571
 81 0.751429
 82 0.751429
 83 0.739643
 84 0.752857
 85 0.724286
 86 0.756071
 87 0.718214
 88 0.712500
 89 0.730357
 90 0.738214
 91 0.738214
 92 0.746786
 93 0.736429
 94 576.537143
 95 1.035000
 96 0.782857
 97 0.775357
 98 0.785714
 99 0.775357
100 0.769643
101 0.795000
102 0.747143
103 0.739286
104 0.758929
105 0.771071
106 0.754643
107 0.738214
108 0.739643
109 0.745714
110 0.751429
111 0.752857
112 0.758929
113 0.739286
114 0.747143
115 0.742500
116 0.737857
117 1.870357
118 0.842857
119 0.808571
120 0.807143
121 0.817500
122 0.832500
123 0.821786
124 0.808214
125 0.812857
126 577.287143
127 0.940714
128 0.870000
129 0.787500
130 0.782857
131 0.752857
132 0.754286
133 0.746786
134 0.739643
135 0.757500
136 0.767857
137 0.742500
138 0.758929
139 0.757500
140 0.762143
141 0.766786
142 0.765000
143 0.743929
144 0.733571
145 0.742500
146 0.765000
147 0.741071
148 0.736429
149 0.730357
150 0.751429
151 0.737857
152 0.753214
153 0.750000
154 0.743929
155 0.741071
156 0.723214
157 0.782857
158 578.835000
159 0.961429
160 0.797857
161 0.777143
162 0.767857
163 0.751786
164 0.760357
165 0.766429
166 0.751429
167 0.741071
168 0.745357
169 0.760357
170 0.745357
171 0.758929
172 0.741071
173 0.728929
174 0.748571
175 0.739643
176 0.747143
177 0.751429
178 0.774286
179 0.751429
180 0.722857
181 0.727500
182 0.742500
183 0.743929
184 0.747143
185 0.760357
186 0.757500
187 0.732143
188 0.733571
189 0.744286
190 544.969286
191 1.031786
192 0.792143
193 0.772500
194 0.767857
195 0.799643
196 0.778571
197 0.778571
198 0.752857
199 0.738214
200 0.777143
