  1 3.450000
  2 92.393571
  3 1.663929
  4 1.573929
  5 1.563214
  6 1.572857
  7 1.576071
  8 1.525714
  9 1.533214
 10 1.550357
 11 1.607143
 12 1.566429
 13 1.550357
 14 1.539643
 15 1.602857
 16 1.520357
 17 1.482857
 18 1.543929
 19 1.523571
 20 1.533214
 21 1.509643
 22 1.506429
 23 3.797143
 24 1.567500
 25 1.576071
 26 1.500000
 27 1.519286
 28 1.536429
 29 1.493571
 30 1.496786
 31 1.503214
 32 1.526786
 33 1.807500
 34 1.573929
 35 1.463571
 36 1.566429
 37 1.556786
 38 1.560000
 39 1.539643
 40 1.593214
 41 1.553571
 42 1.570714
 43 1.552500
 44 1.573929
 45 1.549286
 46 1.573929
 47 1.500000
 48 1.669286
 49 1.457143
 50 1.496786
 51 1.482857
 52 1.586786
 53 1.476429
 54 1.550357
 55 1.516071
 56 1.610357
 57 1.520357
 58 1.509643
 59 1.460357
 60 1.520357
 61 1.523571
 62 1.493571
 63 1.530000
 64 1.560000
 65 1.460357
 66 1.466786
 67 1.526786
 68 1.510714
 69 1.520357
 70 1.493571
 71 1.477500
 72 1.530000
 73 1.463571
 74 1.530000
 75 1.490357
 76 1.523571
 77 1.466786
 78 1.506429
 79 1.457143
 80 1.496786
 81 1.500000
 82 1.513929
 83 1.507500
 84 1.500000
 85 1.500000
 86 1.500000
 87 1.482857
 88 1.534286
 89 1.517143
 90 1.543929
 91 1.496786
 92 1.479643
 93 1.487143
 94 1.470000
 95 1.506429
 96 1.509643
 97 1.456071
 98 1.500000
 99 1.489286
100 1.540714
101 1.520357
102 1.522500
103 1.492500
104 1.550357
105 1.496786
106 1.500000
107 1.493571
108 1.547143
109 1.495714
110 1.522500
111 1.523571
112 1.547143
113 1.470000
114 1.516071
115 1.470000
116 1.543929
117 1.496786
118 1.500000
119 1.487143
120 1.516071
121 1.463571
122 1.496786
123 1.460357
124 1.542857
125 1.463571
126 1.476429
127 1.490357
128 1.463571
129 1.526786
130 1.496786
131 1.473214
132 1.599643
133 1.500000
134 1.550357
135 1.493571
136 1.500000
137 1.479643
138 1.496786
139 1.496786
140 1.517143
141 1.456071
142 1.512857
143 1.473214
144 1.492500
145 1.489286
146 1.496786
147 1.504286
148 1.509643
149 1.457143
150 1.500000
151 1.470000
152 1.500000
153 1.493571
154 1.509643
155 1.503214
156 1.506429
157 1.457143
158 1.503214
159 1.459286
160 1.500000
161 1.496786
162 1.536429
163 1.460357
164 1.473214
165 1.456071
166 1.487143
167 1.500000
168 1.493571
169 1.493571
170 1.482857
171 1.493571
172 1.496786
173 1.479643
174 1.503214
175 1.490357
176 1.530000
177 1.504286
178 1.520357
179 1.503214
180 1.530000
181 1.490357
182 1.493571
183 1.506429
184 1.506429
185 1.493571
186 1.460357
187 1.516071
188 1.496786
189 1.457143
190 1.500000
191 1.487143
192 1.542857
193 1.463571
194 1.500000
195 1.493571
196 1.496786
197 1.492500
198 1.500000
199 1.479643
200 1.506429
  1 210.022500
  2 284.246786
  3 23.397857
  4 122.965714
  5 1.118571
  6 240.392143
  7 1.148571
  8 1.032857
  9 0.994286
 10 0.992143
 11 1.011429
 12 1.110000
 13 1.000714
 14 442.519286
 15 1.215000
 16 1.041429
 17 1.052143
 18 1.011429
 19 1.054286
 20 1.005000
 21 1.002857
 22 0.975000
 23 1.092857
 24 0.985714
 25 1.024286
 26 0.968571
 27 1.140000
 28 1.039286
 29 1.007143
 30 615.413571
 31 1.245000
 32 1.047857
 33 1.075714
 34 1.054286
 35 0.990000
 36 0.962143
 37 0.962143
 38 0.964286
 39 0.964286
 40 0.979286
 41 0.957857
 42 1.039286
 43 1.047857
 44 0.977143
 45 0.968571
 46 1.075714
 47 1.015714
 48 0.964286
 49 0.968571
 50 1.045714
 51 0.968571
 52 2.485714
 53 0.977143
 54 0.966429
 55 1.050000
 56 1.013571
 57 0.977143
 58 0.966429
 59 1.060714
 60 0.992143
 61 1.073571
 62 582.882857
 63 1.255714
 64 1.020000
 65 0.990000
 66 0.996429
 67 1.000714
 68 1.107857
 69 1.005000
 70 0.998571
 71 1.082143
 72 1.015714
 73 0.987857
 74 0.998571
 75 1.043571
 76 0.966429
 77 1.069286
 78 0.970714
 79 1.039286
 80 0.981429
 81 0.983571
 82 0.951429
 83 0.979286
 84 0.994286
 85 0.977143
 86 0.951429
 87 0.983571
 88 0.979286
 89 0.962143
 90 0.962143
 91 0.979286
 92 0.970714
 93 0.996429
 94 597.293571
 95 1.347857
 96 1.043571
 97 1.011429
 98 0.990000
 99 1.032857
100 0.998571
101 0.981429
102 1.062857
103 0.962143
104 1.077857
105 1.002857
106 0.964286
107 1.060714
108 0.964286
109 0.962143
110 0.968571
111 0.970714
112 0.960000
113 0.968571
114 0.994286
115 1.210714
116 1.035000
117 0.994286
118 1.056429
119 0.996429
120 1.009286
121 1.112143
122 0.990000
123 1.052143
124 0.975000
125 1.086429
126 538.427143
127 1.182857
128 1.069286
129 1.007143
130 0.990000
131 1.050000
132 1.005000
133 0.996429
134 1.020000
135 0.998571
136 1.075714
137 1.026429
138 1.007143
139 0.992143
140 0.990000
141 1.103571
142 0.987857
143 1.069286
144 1.011429
145 0.960000
146 0.983571
147 1.052143
148 0.979286
149 1.043571
150 0.977143
151 1.060714
152 1.037143
153 1.056429
154 1.060714
155 1.000714
156 0.968571
157 1.020000
158 579.015000
159 1.204286
160 1.058571
161 1.009286
162 1.011429
163 0.994286
164 1.030714
165 1.000714
166 0.998571
167 1.000714
168 1.007143
169 0.994286
170 1.065000
171 0.968571
172 1.067143
173 0.960000
174 0.966429
175 0.962143
176 0.985714
177 0.968571
178 0.998571
179 0.970714
180 0.972857
181 0.960000
182 0.985714
183 0.962143
184 0.985714
185 0.981429
186 1.090714
187 1.110000
188 0.968571
189 1.103571
190 586.943571
191 1.896429
192 1.586786
193 1.596429
194 1.683214
195 1.556786
196 1.563214
197 1.560000
198 1.573929
199 1.550357
200 1.560000
