  1 3.349286
  2 2.089286
  3 1.646786
  4 1.536429
  5 1.539643
  6 1.547143
  7 1.606071
  8 1.500000
  9 1.480714
 10 1.512857
 11 1.690714
 12 1.483929
 13 1.486071
 14 1.496786
 15 1.593214
 16 1.506429
 17 1.493571
 18 1.504286
 19 1.526786
 20 1.479643
 21 1.487143
 22 1.496786
 23 1.556786
 24 1.513929
 25 1.530000
 26 1.503214
 27 1.479643
 28 1.530000
 29 1.482857
 30 1.520357
 31 1.483929
 32 1.526786
 33 1.513929
 34 1.526786
 35 1.453929
 36 1.563214
 37 1.473214
 38 1.520357
 39 1.509643
 40 1.540714
 41 1.500000
 42 1.507500
 43 1.520357
 44 1.479643
 45 1.453929
 46 1.503214
 47 1.490357
 48 1.612500
 49 1.486071
 50 1.506429
 51 1.453929
 52 1.536429
 53 1.452857
 54 1.552500
 55 1.463571
 56 1.596429
 57 1.473214
 58 1.526786
 59 1.509643
 60 1.530000
 61 1.547143
 62 1.536429
 63 1.452857
 64 1.536429
 65 1.453929
 66 1.503214
 67 1.486071
 68 1.490357
 69 1.450714
 70 1.496786
 71 1.470000
 72 1.549286
 73 1.452857
 74 1.513929
 75 1.457143
 76 1.543929
 77 1.452857
 78 1.523571
 79 1.446429
 80 1.490357
 81 1.476429
 82 1.503214
 83 1.517143
 84 1.504286
 85 1.456071
 86 1.500000
 87 1.500000
 88 1.479643
 89 1.452857
 90 1.517143
 91 1.453929
 92 1.500000
 93 1.463571
 94 1.473214
 95 1.500000
 96 1.533214
 97 1.487143
 98 1.510714
 99 1.486071
100 1.490357
101 1.449643
102 1.509643
103 1.452857
104 1.539643
105 1.509643
106 1.513929
107 1.460357
108 1.512857
109 1.470000
110 1.506429
111 1.452857
112 1.550357
113 1.479643
114 1.470000
115 1.470000
116 1.526786
117 1.496786
118 1.523571
119 1.452857
120 1.509643
121 1.457143
122 1.510714
123 1.483929
124 1.547143
125 1.476429
126 1.470000
127 1.473214
128 1.462500
129 1.473214
130 1.463571
131 1.457143
132 1.613571
133 1.470000
134 1.523571
135 1.479643
136 1.474286
137 1.503214
138 1.489286
139 1.496786
140 1.483929
141 1.453929
142 1.512857
143 1.476429
144 1.516071
145 1.446429
146 1.509643
147 1.500000
148 1.556786
149 1.452857
150 1.509643
151 1.482857
152 1.507500
153 1.493571
154 1.504286
155 1.490357
156 1.479643
157 1.452857
158 1.496786
159 1.452857
160 1.500000
161 1.486071
162 1.500000
163 1.480714
164 1.493571
165 1.487143
166 1.509643
167 1.476429
168 1.510714
169 1.470000
170 1.516071
171 1.496786
172 1.507500
173 1.449643
174 1.512857
175 1.503214
176 1.483929
177 1.510714
178 1.443214
179 1.540714
180 1.490357
181 1.509643
182 1.519286
183 1.496786
184 1.506429
185 1.456071
186 1.525714
187 1.482857
188 1.487143
189 1.452857
190 1.526786
191 1.490357
192 1.503214
193 1.447500
194 1.503214
195 1.496786
196 1.503214
197 1.486071
198 1.496786
199 1.486071
200 3.736071
  1 220.626429
  2 242.303571
  3 22.396071
  4 123.563571
  5 1.662857
  6 284.895000
  7 2.033571
  8 1.600714
  9 1.563214
 10 1.637143
 11 1.597500
 12 1.543929
 13 1.550357
 14 373.279286
 15 1.880357
 16 1.616786
 17 1.569643
 18 1.566429
 19 1.656429
 20 1.560000
 21 1.560000
 22 1.556786
 23 1.582500
 24 1.547143
 25 1.590000
 26 1.556786
 27 1.602857
 28 1.576071
 29 1.563214
 30 601.692857
 31 1.833214
 32 1.546071
 33 1.752857
 34 1.566429
 35 1.653214
 36 1.549286
 37 1.643571
 38 1.536429
 39 1.632857
 40 1.537500
 41 1.673571
 42 1.546071
 43 1.597500
 44 1.506429
 45 1.512857
 46 1.639286
 47 1.513929
 48 1.503214
 49 1.613571
 50 1.537500
 51 1.542857
 52 1.593214
 53 1.509643
 54 1.500000
 55 1.500000
 56 1.590000
 57 1.620000
 58 1.539643
 59 1.496786
 60 1.517143
 61 1.509643
 62 535.086429
 63 1.903929
 64 1.563214
 65 1.585714
 66 1.730357
 67 1.590000
 68 1.610357
 69 1.572857
 70 1.513929
 71 1.509643
 72 1.553571
 73 1.513929
 74 1.470000
 75 1.519286
 76 1.503214
 77 1.512857
 78 1.513929
 79 1.536429
 80 1.486071
 81 1.519286
 82 1.503214
 83 1.530000
 84 1.470000
 85 1.510714
 86 1.500000
 87 1.500000
 88 1.509643
 89 1.517143
 90 1.563214
 91 1.507500
 92 1.463571
 93 1.520357
 94 510.780000
 95 1.806429
 96 1.579286
 97 1.556786
 98 1.607143
 99 1.569643
100 1.609286
101 1.542857
102 1.553571
103 1.563214
104 1.542857
105 1.560000
106 1.556786
107 1.556786
108 1.596429
109 1.556786
110 1.550357
111 1.530000
112 1.500000
113 1.536429
114 1.542857
115 1.920000
116 1.673571
117 1.560000
118 1.573929
119 1.600714
120 1.550357
121 1.506429
122 1.593214
123 1.543929
124 1.566429
125 1.550357
126 510.453214
127 1.796786
128 1.610357
129 1.569643
130 1.653214
131 1.593214
132 1.583571
133 1.572857
134 1.556786
135 1.566429
136 1.593214
137 1.556786
138 1.613571
139 1.533214
140 1.533214
141 1.509643
142 1.539643
143 1.516071
144 1.556786
145 1.536429
146 1.563214
147 1.560000
148 1.526786
149 1.553571
150 1.547143
151 1.552500
152 1.546071
153 1.560000
154 1.540714
155 1.509643
156 1.536429
157 1.583571
158 536.930357
159 1.787143
160 1.596429
161 1.580357
162 1.573929
163 1.552500
164 1.583571
165 1.563214
166 1.556786
167 1.583571
168 1.613571
169 1.536429
170 1.539643
171 1.510714
172 1.523571
173 1.520357
174 1.520357
175 1.509643
176 1.520357
177 1.500000
178 1.490357
179 1.520357
180 1.549286
181 1.533214
182 1.520357
183 1.539643
184 1.586786
185 1.510714
186 1.503214
187 1.530000
188 1.563214
189 53.786786
190 489.016071
191 1.879286
192 1.620000
193 1.719643
194 1.570714
195 1.676786
196 1.555714
197 1.572857
198 1.662857
199 1.556786
200 1.669286
