1 171.526786
2 214.913929
3 75.309643
4 1.007143
5 0.935714
6 289.963929
7 4.965357
8 0.918929
9 0.881429
10 0.900000
11 0.911071
12 0.903571
13 0.888929
14 363.132857
15 1.123214
16 0.915000
17 0.896071
18 0.903929
19 0.900000
20 0.888929
21 0.965714
22 0.883214
23 0.897857
24 0.866429
25 0.858571
26 0.886786
27 0.892500
28 0.885000
29 0.881071
30 633.148571
31 1.973571
32 1.713214
33 1.620000
34 1.566429
35 1.555714
36 1.593214
37 1.626429
38 1.577143
39 1.569643
40 1.542857
41 1.537500
42 1.533214
43 1.530000
44 1.602857
45 1.549286
46 1.540714
47 1.533214
48 1.537500
49 1.530000
50 1.526786
51 1.577143
52 1.613571
53 1.566429
54 1.512857
55 1.496786
56 1.509643
57 1.570714
58 1.534286
59 1.533214
60 1.606071
61 1.560000
62 537.693214
63 1.976786
64 1.749643
65 1.586786
66 1.607143
67 1.640357
68 1.542857
69 1.596429
70 1.623214
71 1.607143
72 1.556786
73 1.510714
74 1.482857
75 1.496786
76 1.556786
77 1.530000
78 1.556786
79 1.583571
80 1.560000
81 1.556786
82 1.556786
83 1.577143
84 1.569643
85 1.520357
86 1.496786
87 1.517143
88 1.500000
89 1.509643
90 1.533214
91 1.577143
92 1.489286
93 1.542857
94 534.653571
95 1.886786
96 1.722857
97 1.593214
98 1.613571
99 1.563214
100 1.543929
101 1.639286
102 1.606071
103 1.520357
104 1.530000
105 1.509643
106 1.573929
107 1.503214
108 1.539643
109 1.550357
110 1.550357
111 1.486071
112 1.586786
113 1.552500
114 1.549286
115 1.530000
116 1.570714
117 1.615714
118 1.542857
119 1.549286
120 1.533214
121 1.530000
122 1.596429
123 1.516071
124 1.569643
125 1.549286
126 507.380357
127 1.972500
128 1.646786
129 1.623214
130 1.590000
131 1.563214
132 1.560000
133 1.563214
134 1.542857
135 1.520357
136 1.583571
137 1.547143
138 1.493571
139 1.519286
140 1.543929
141 1.569643
142 1.540714
143 1.563214
144 1.576071
145 1.577143
146 1.556786
147 1.580357
148 1.552500
149 1.590000
150 1.593214
151 1.553571
152 1.616786
153 1.547143
154 1.549286
155 1.526786
156 1.530000
157 1.520357
158 509.400000
159 1.932857
160 1.607143
161 1.563214
162 1.569643
163 1.572857
164 1.616786
165 1.556786
166 1.519286
167 1.580357
168 1.582500
169 1.526786
170 1.657500
171 1.539643
172 1.706786
173 1.520357
174 1.539643
175 1.546071
176 1.526786
177 1.542857
178 1.547143
179 1.530000
180 1.570714
181 2.482500
182 1.890000
183 1.650000
184 1.610357
185 1.570714
186 1.683214
187 1.596429
188 1.556786
189 1.567500
190 61.106786
191 1.713214
192 1.513929
193 517.913571
194 1.910357
195 1.673571
196 1.590000
197 1.576071
198 1.602857
199 1.606071
200 1.560000
1 214.570714
2 283.460357
3 82.813929
4 1.796786
5 1.626429
6 251.243571
7 1.853571
8 1.667143
9 1.573929
10 1.626429
11 1.650000
12 1.573929
13 1.577143
14 384.129643
15 1.992857
16 1.599643
17 1.620000
18 1.636071
19 1.663929
20 1.577143
21 1.585714
22 1.569643
23 1.669286
24 1.656429
25 1.613571
26 1.613571
27 1.659643
28 1.612500
29 1.653214
30 598.863214
31 2.036786
32 1.612500
33 1.602857
34 1.632857
35 1.653214
36 1.586786
37 1.533214
38 1.640357
39 1.673571
40 1.553571
41 1.596429
42 1.609286
43 1.573929
44 1.579286
45 1.563214
46 1.564286
47 1.573929
48 1.560000
49 1.593214
50 1.566429
51 1.627500
52 1.593214
53 1.616786
54 1.563214
55 1.616786
56 1.576071
57 1.572857
58 1.569643
59 1.516071
60 1.577143
61 1.542857
62 534.603214
63 1.943571
64 1.620000
65 1.577143
66 1.600714
67 1.689643
68 1.586786
69 1.683214
70 1.586786
71 1.590000
72 1.563214
73 1.517143
74 1.573929
75 1.586786
76 1.543929
77 1.567500
78 1.533214
79 1.536429
80 1.533214
81 1.533214
82 1.566429
83 1.523571
84 1.563214
85 1.546071
86 1.590000
87 1.550357
88 1.624286
89 1.517143
90 1.583571
91 1.533214
92 1.566429
93 1.597500
94 545.447143
95 1.883571
96 1.566429
97 1.596429
98 1.596429
99 1.612500
100 1.569643
101 1.599643
102 1.577143
103 1.536429
104 1.566429
105 1.543929
106 1.573929
107 1.582500
108 1.580357
109 1.590000
110 1.542857
111 1.509643
112 1.476429
113 1.520357
114 1.593214
115 1.547143
116 1.553571
117 1.577143
118 1.526786
119 1.590000
120 1.530000
121 1.607143
122 1.576071
123 1.567500
124 1.602857
125 1.533214
126 521.106429
127 1.940357
128 1.599643
129 1.585714
130 1.663929
131 1.636071
132 1.560000
133 1.593214
134 1.626429
135 1.583571
136 1.539643
137 1.519286
138 1.596429
139 1.543929
140 1.572857
141 1.556786
142 1.553571
143 1.579286
144 1.533214
145 1.563214
146 1.530000
147 1.526786
148 1.503214
149 1.570714
150 1.549286
151 1.560000
152 1.613571
153 1.526786
154 1.543929
155 1.539643
156 1.513929
157 1.563214
158 535.343571
159 1.983214
160 1.636071
161 1.593214
162 1.613571
163 1.616786
164 1.736786
165 1.596429
166 1.606071
167 1.594286
168 1.579286
169 1.623214
170 1.579286
171 1.593214
172 3.823929
173 1.566429
174 1.583571
175 1.496786
176 1.490357
177 1.493571
178 1.560000
179 1.536429
180 1.543929
181 1.573929
182 1.479643
183 1.519286
184 1.603929
185 1.570714
186 1.579286
187 1.550357
188 2.143929
189 1.560000
190 105.276429
191 1.806429
192 1.636071
193 502.316786
194 1.916786
195 1.566429
196 1.603929
197 1.633929
198 1.632857
199 1.572857
200 1.563214
1 181.933929
2 246.861429
3 79.279286
4 1.206429
5 1.101429
6 285.369643
7 1.414286
8 1.103571
9 1.105714
10 1.084286
11 1.127143
12 1.112143
13 1.088571
14 414.535714
15 1.270714
16 1.135714
17 1.107857
18 1.118571
19 1.090714
20 1.080000
21 1.086429
22 1.142143
23 1.071429
24 1.082143
25 1.120714
26 1.082143
27 1.073571
28 1.095000
29 1.178571
30 632.980714
31 1.341429
32 1.182857
33 1.127143
34 1.116429
35 1.088571
36 1.116429
37 1.127143
38 1.080000
39 1.105714
40 1.095000
41 1.101429
42 1.088571
43 1.101429
44 1.114286
45 1.073571
46 1.112143
47 1.067143
48 1.088571
49 1.065000
50 1.080000
51 1.097143
52 1.092857
53 1.082143
54 1.137857
55 1.067143
56 1.105714
57 1.088571
58 1.095000
59 1.103571
60 1.092857
61 1.073571
62 585.769286
63 1.388571
64 1.210714
65 1.105714
66 1.110000
67 1.142143
68 1.129286
69 1.107857
70 1.142143
71 1.137857
72 1.097143
73 1.127143
74 1.133571
75 1.133571
76 1.157143
77 1.077857
78 1.075714
79 1.097143
80 1.112143
81 1.110000
82 1.092857
83 1.135714
84 1.125000
85 1.084286
86 1.082143
87 1.101429
88 1.073571
89 1.058571
90 1.058571
91 1.084286
92 1.101429
93 1.088571
94 408.623571
95 1.386429
96 1.127143
97 1.129286
98 1.105714
99 1.099286
100 1.090714
101 1.129286
102 1.071429
103 1.101429
104 1.088571
105 1.110000
106 1.073571
107 1.110000
108 1.082143
109 1.092857
110 1.107857
111 1.058571
112 1.086429
113 1.056429
114 1.112143
115 252.855000
116 1.388571
117 1.120714
118 1.118571
119 1.107857
120 1.118571
121 1.118571
122 1.125000
123 1.116429
124 1.075714
125 1.082143
126 608.168571
127 1.311429
128 1.101429
129 1.110000
130 1.170000
131 1.144286
132 1.120714
133 1.165714
134 1.107857
135 1.092857
136 1.099286
137 1.084286
138 1.088571
139 1.105714
140 1.101429
141 1.140000
142 1.105714
143 1.075714
144 1.065000
145 1.065000
146 1.075714
147 1.062857
148 1.090714
149 1.112143
150 1.073571
151 1.050000
152 1.105714
153 1.082143
154 1.101429
155 1.077857
156 1.095000
157 1.075714
158 579.130714
159 1.358571
160 1.140000
161 1.133571
162 1.103571
163 1.144286
164 1.095000
165 1.189286
166 1.118571
167 1.127143
168 1.095000
169 1.073571
170 1.069286
171 1.101429
172 1.069286
173 1.067143
174 1.155000
175 1.095000
176 1.092857
177 1.073571
178 1.080000
179 1.116429
180 1.097143
181 1.101429
182 1.120714
183 1.099286
184 1.110000
185 1.099286
186 1.092857
187 1.088571
188 1.060714
189 1.118571
190 587.290714
191 1.322143
192 1.197857
193 1.157143
194 1.116429
195 1.176429
196 1.152857
197 1.112143
198 1.182857
199 1.120714
200 1.135714
1 218.796429
2 270.939643
3 81.750000
4 1.796786
5 1.590000
6 428.700000
7 1.913571
8 1.583571
9 1.593214
10 1.760357
11 1.563214
12 1.616786
13 1.629643
14 361.440000
15 1.943571
16 1.716429
17 1.624286
18 1.696071
19 3.843214
20 1.680000
21 1.620000
22 1.603929
23 1.533214
24 1.599643
25 1.543929
26 1.593214
27 1.643571
28 1.602857
29 1.663929
30 594.720000
31 1.956429
32 1.653214
33 1.683214
34 1.667143
35 1.560000
36 1.583571
37 1.583571
38 1.673571
39 1.530000
40 1.556786
41 1.543929
42 1.479643
43 1.526786
44 1.556786
45 1.542857
46 1.602857
47 1.583571
48 1.520357
49 1.566429
50 1.580357
51 1.519286
52 1.563214
53 1.573929
54 1.536429
55 1.517143
56 1.519286
57 1.473214
58 1.513929
59 1.493571
60 1.500000
61 1.509643
62 541.593214
63 1.937143
64 1.690714
65 1.583571
66 1.590000
67 1.560000
68 1.593214
69 1.496786
70 1.572857
71 1.520357
72 1.560000
73 1.519286
74 1.552500
75 1.573929
76 1.536429
77 1.533214
78 1.543929
79 1.549286
80 1.566429
81 1.583571
82 1.542857
83 1.560000
84 1.512857
85 1.520357
86 1.563214
87 1.577143
88 1.653214
89 1.533214
90 1.530000
91 1.500000
92 1.543929
93 1.556786
94 332.666786
95 1.932857
96 1.593214
97 1.599643
98 1.536429
99 1.577143
100 1.572857
101 1.530000
102 1.539643
103 1.552500
104 1.550357
105 1.512857
106 1.640357
107 1.480714
108 1.566429
109 1.537500
110 1.522500
111 1.530000
112 1.490357
113 1.540714
114 1.496786
115 231.565714
116 1.842857
117 1.609286
118 1.626429
119 1.570714
120 1.572857
121 1.596429
122 1.583571
123 1.566429
124 1.600714
125 1.512857
126 593.537143
127 1.902857
128 1.620000
129 1.582500
130 1.539643
131 1.656429
132 1.590000
133 1.520357
134 1.503214
135 1.583571
136 1.533214
137 1.466786
138 1.556786
139 1.520357
140 1.569643
141 1.530000
142 1.616786
143 1.566429
144 1.519286
145 1.576071
146 1.583571
147 1.569643
148 1.537500
149 1.546071
150 1.542857
151 1.550357
152 1.553571
153 1.585714
154 1.546071
155 1.512857
156 1.536429
157 1.533214
158 512.440714
159 1.877143
160 1.577143
161 1.566429
162 1.550357
163 1.603929
164 1.573929
165 1.576071
166 1.643571
167 1.583571
168 1.580357
169 122.546786
170 1.676786
171 1.687500
172 1.624286
173 1.602857
174 1.546071
175 1.556786
176 1.553571
177 1.613571
178 1.582500
179 1.603929
180 1.553571
181 1.567500
182 1.533214
183 1.564286
184 1.465714
185 1.586786
186 1.547143
187 1.550357
188 1.512857
189 1.582500
190 414.426429
191 1.909286
192 1.626429
193 1.636071
194 1.620000
195 1.650000
196 1.549286
197 1.653214
198 1.585714
199 1.540714
200 1.593214
1 180.334286
2 236.728929
3 76.557857
4 0.668571
5 0.580714
6 262.752857
7 1.817143
8 1.599643
9 1.580357
10 1.566429
11 0.575357
12 0.567857
13 0.600000
14 394.275000
15 1.970357
16 1.606071
17 1.740000
18 1.599643
19 1.616786
20 1.610357
21 1.596429
22 1.566429
23 1.523571
24 1.746429
25 1.576071
26 1.603929
27 0.642857
28 0.575357
29 0.591429
30 724.081071
31 1.993929
32 1.613571
33 1.610357
34 1.536429
35 1.602857
36 1.599643
37 1.553571
38 1.550357
39 1.610357
40 1.539643
41 1.520357
42 1.566429
43 1.496786
44 1.489286
45 1.550357
46 1.560000
47 1.477500
48 1.493571
49 1.547143
50 1.573929
51 1.530000
52 1.463571
53 1.610357
54 1.586786
55 1.566429
56 1.552500
57 1.509643
58 1.583571
59 1.504286
60 1.646786
61 1.519286
62 548.083929
63 1.879286
64 1.602857
65 1.566429
66 1.563214
67 1.546071
68 1.570714
69 1.526786
70 1.616786
71 1.570714
72 1.480714
73 1.573929
74 1.526786
75 1.523571
76 1.607143
77 1.579286
78 1.560000
79 1.523571
80 1.550357
81 1.542857
82 1.520357
83 1.567500
84 1.700357
85 1.593214
86 1.536429
87 1.536429
88 1.519286
89 1.553571
90 1.476429
91 1.572857
92 1.576071
93 1.560000
94 538.163571
95 1.913571
96 1.616786
97 1.569643
98 1.542857
99 1.686429
100 1.656429
101 1.579286
102 1.567500
103 1.610357
104 1.582500
105 1.586786
106 1.534286
107 1.520357
108 1.610357
109 1.567500
110 1.560000
111 1.533214
112 1.473214
113 1.512857
114 1.573929
115 1.530000
116 1.509643
117 1.563214
118 1.590000
119 1.543929
120 1.533214
121 1.586786
122 1.530000
123 1.520357
124 1.546071
125 1.583571
126 512.333571
127 1.860000
128 1.680000
129 1.586786
130 1.590000
131 1.536429
132 1.616786
133 1.590000
134 1.556786
135 1.577143
136 1.542857
137 1.533214
138 1.542857
139 1.517143
140 1.523571
141 1.553571
142 1.564286
143 1.542857
144 1.542857
145 1.534286
146 1.530000
147 1.546071
148 1.546071
149 1.530000
150 1.626429
151 1.680000
152 1.659643
153 1.572857
154 1.596429
155 1.576071
156 1.580357
157 1.547143
158 513.073929
159 1.836429
160 1.585714
161 1.610357
162 1.577143
163 1.623214
164 1.602857
165 1.566429
166 1.539643
167 1.549286
168 1.530000
169 1.496786
170 1.553571
171 1.523571
172 1.536429
173 1.530000
174 1.546071
175 1.659643
176 1.542857
177 1.560000
178 1.680000
179 1.533214
180 1.516071
181 79.816071
182 1.903929
183 1.646786
184 1.613571
185 1.607143
186 1.572857
187 1.613571
188 1.583571
189 1.607143
190 61.277143
191 1.746429
192 1.569643
193 515.960357
194 1.886786
195 1.672500
196 1.597500
197 1.569643
198 1.603929
199 1.583571
200 1.530000
1 220.779643
2 226.233214
3 77.663571
4 1.773214
5 1.599643
6 287.554286
7 2.163214
8 1.607143
9 1.550357
10 1.577143
11 1.585714
12 1.643571
13 1.550357
14 352.179643
15 2.079643
16 1.593214
17 1.590000
18 1.586786
19 1.599643
20 1.662857
21 1.563214
22 1.586786
23 1.513929
24 1.657500
25 1.577143
26 1.593214
27 1.667143
28 1.596429
29 1.586786
30 594.073929
31 2.019643
32 1.646786
33 1.676786
34 1.583571
35 1.536429
36 1.586786
37 1.555714
38 1.567500
39 1.449643
40 1.549286
41 1.566429
42 1.495714
43 1.560000
44 1.572857
45 1.623214
46 1.566429
47 1.519286
48 1.550357
49 1.500000
50 1.560000
51 1.539643
52 1.603929
53 1.560000
54 1.512857
55 1.463571
56 1.553571
57 1.513929
58 1.543929
59 1.569643
60 1.552500
61 1.553571
62 532.885714
63 1.959643
64 1.590000
65 1.600714
66 1.659643
67 1.640357
68 1.593214
69 1.599643
70 1.610357
71 1.550357
72 1.530000
73 1.536429
74 1.547143
75 1.580357
76 1.547143
77 1.567500
78 1.546071
79 1.519286
80 1.596429
81 1.537500
82 1.546071
83 1.483929
84 1.542857
85 1.530000
86 1.534286
87 1.522500
88 1.520357
89 1.540714
90 1.530000
91 1.543929
92 1.566429
93 1.547143
94 504.913929
95 1.910357
96 1.620000
97 1.602857
98 1.600714
99 1.643571
100 1.586786
101 1.663929
102 1.613571
103 1.629643
104 1.553571
105 1.560000
106 1.629643
107 1.556786
108 1.533214
109 1.560000
110 1.572857
111 1.586786
112 1.556786
113 1.533214
114 1.590000
115 1.539643
116 1.500000
117 1.637143
118 1.553571
119 1.496786
120 1.466786
121 1.513929
122 1.553571
123 1.540714
124 1.504286
125 1.556786
126 510.609643
127 1.936071
128 1.613571
129 1.627500
130 1.662857
131 1.573929
132 1.597500
133 1.624286
134 1.546071
135 1.586786
136 1.573929
137 1.593214
138 1.580357
139 1.553571
140 1.566429
141 1.523571
142 1.556786
143 1.556786
144 1.530000
145 1.599643
146 1.560000
147 1.500000
148 1.530000
149 1.590000
150 1.536429
151 1.542857
152 1.540714
153 1.517143
154 1.536429
155 1.580357
156 1.500000
157 1.509643
158 544.546071
159 2.109643
160 1.569643
161 1.582500
162 1.560000
163 1.620000
164 1.610357
165 1.556786
166 1.533214
167 1.506429
168 1.680000
169 136.343571
170 2.027143
171 1.585714
172 1.609286
173 1.599643
174 1.590000
175 1.583571
176 1.583571
177 1.632857
178 1.577143
179 1.556786
180 1.539643
181 1.613571
182 1.530000
183 1.547143
184 1.530000
185 1.493571
186 1.549286
187 1.520357
188 1.533214
189 1.620000
190 59.499643
191 1.822500
192 1.552500
193 481.520357
194 1.866429
195 1.680000
196 1.580357
197 1.609286
198 1.576071
199 1.616786
200 1.547143
1 197.327143
2 272.122500
3 81.543214
4 1.717500
5 1.697143
6 279.803571
7 1.906071
8 1.640357
9 1.620000
10 1.609286
11 1.569643
12 1.599643
13 1.602857
14 346.800000
15 1.877143
16 0.579643
17 0.585000
18 0.581786
19 0.575357
20 0.582857
21 0.592500
22 0.587143
23 0.568929
24 0.571071
25 0.596786
26 0.579643
27 0.623571
28 0.579643
29 0.581786
30 633.232500
31 1.986429
32 1.569643
33 1.602857
34 1.639286
35 1.569643
36 0.547500
37 0.574286
38 0.611786
39 0.586071
40 0.580714
41 0.561429
42 0.558214
43 0.561429
44 0.583929
45 0.570000
46 0.559286
47 0.578571
48 0.559286
49 0.557143
50 0.556071
51 0.575357
52 0.564643
53 0.596786
54 0.576429
55 0.562500
56 0.590357
57 0.572143
58 0.557143
59 0.580714
60 0.592500
61 0.582857
62 624.333214
63 1.236429
64 1.075714
65 1.043571
66 1.013571
67 1.020000
68 1.056429
69 0.996429
70 1.013571
71 1.009286
72 0.979286
73 1.015714
74 0.962143
75 1.007143
76 1.032857
77 0.979286
78 1.017857
79 0.996429
80 0.979286
81 1.009286
82 1.013571
83 1.020000
84 1.050000
85 1.024286
86 0.998571
87 1.007143
88 1.005000
89 1.043571
90 0.979286
91 0.972857
92 1.011429
93 1.005000
94 587.957143
95 1.210714
96 1.032857
97 1.032857
98 1.020000
99 1.037143
100 1.060714
101 1.030714
102 1.009286
103 0.998571
104 0.990000
105 0.994286
106 0.983571
107 1.026429
108 1.026429
109 0.972857
110 1.000714
111 0.985714
112 0.975000
113 1.000714
114 0.992143
115 1.011429
116 1.037143
117 1.011429
118 1.013571
119 1.011429
120 0.996429
121 0.992143
122 1.047857
123 1.015714
124 0.983571
125 0.983571
126 602.685000
127 1.245000
128 1.050000
129 1.041429
130 1.043571
131 1.043571
132 1.015714
133 1.028571
134 1.017857
135 0.998571
136 1.028571
137 0.996429
138 0.994286
139 1.045714
140 0.992143
141 0.983571
142 0.998571
143 0.985714
144 0.985714
145 1.011429
146 1.009286
147 0.987857
148 0.983571
149 1.007143
150 1.035000
151 1.005000
152 1.026429
153 1.024286
154 0.996429
155 0.987857
156 1.009286
157 0.996429
158 585.334286
159 1.253571
160 1.045714
161 1.032857
162 1.041429
163 1.022143
164 1.041429
165 1.043571
166 1.017857
167 1.030714
168 1.022143
169 1.007143
170 1.024286
171 1.041429
172 1.026429
173 1.028571
174 0.996429
175 1.032857
176 1.077857
177 1.007143
178 0.981429
179 1.017857
180 0.968571
181 1.007143
182 0.975000
183 1.028571
184 1.035000
185 0.972857
186 0.970714
187 0.998571
188 0.987857
189 0.957857
190 110.637857
191 1.144286
192 1.017857
193 558.096429
194 1.195714
195 1.043571
196 1.073571
197 1.037143
198 1.024286
199 1.009286
200 0.983571
1 177.887857
2 251.580714
3 83.253929
4 1.417500
5 1.285000
6 263.117500
7 1.550000
8 1.277500
9 1.267500
10 1.302500
11 1.290000
12 1.322500
13 1.285000
14 456.150000
15 1.552500
16 1.382500
17 1.315000
18 1.325000
19 1.272500
20 1.275000
21 1.267500
22 1.307500
23 1.302500
24 1.247500
25 1.332500
26 1.257500
27 1.310000
28 1.285000
29 1.250000
30 597.177500
31 1.677500
32 1.357500
33 1.337500
34 1.320000
35 1.302500
36 1.292500
37 1.302500
38 1.295000
39 1.255000
40 1.330000
41 1.235000
42 1.305000
43 1.250000
44 1.315000
45 1.255000
46 1.252500
47 1.272500
48 1.237500
49 1.287500
50 1.257500
51 1.227500
52 1.277500
53 1.270000
54 1.245000
55 1.232500
56 1.262500
57 1.305000
58 1.255000
59 1.252500
60 1.320000
61 1.287500
62 565.202500
63 1.647500
64 3.150000
65 1.427500
66 1.307500
67 1.312500
68 1.292500
69 1.297500
70 1.297500
71 1.347500
72 1.330000
73 1.302500
74 1.282500
75 1.270000
76 1.255000
77 1.260000
78 1.257500
79 1.237500
80 1.260000
81 1.262500
82 1.235000
83 1.242500
84 1.292500
85 1.275000
86 1.270000
87 1.272500
88 1.230000
89 1.290000
90 1.250000
91 1.267500
92 1.330000
93 1.290000
94 352.300000
95 1.582500
96 1.280000
97 1.300000
98 1.292500
99 1.395000
100 1.292500
101 1.277500
102 1.280000
103 1.272500
104 1.310000
105 1.232500
106 1.257500
107 1.225000
108 1.317500
109 1.245000
110 1.227500
111 1.272500
112 1.225000
113 1.310000
114 1.305000
115 242.980000
116 1.565000
117 1.302500
118 1.405000
119 1.300000
120 1.277500
121 1.267500
122 1.270000
123 1.270000
124 1.217500
125 1.245000
126 602.155000
127 1.592500
128 1.285000
129 1.340000
130 1.300000
131 1.280000
132 1.325000
133 1.287500
134 1.285000
135 1.300000
136 1.280000
137 1.315000
138 1.322500
139 1.275000
140 1.287500
141 1.235000
142 1.280000
143 1.280000
144 1.267500
145 1.230000
146 1.242500
147 1.255000
148 1.265000
149 1.230000
150 1.232500
151 1.240000
152 1.300000
153 1.230000
154 1.262500
155 1.260000
156 1.285000
157 1.225000
158 571.192500
159 1.622500
160 1.380000
161 1.315000
162 1.310000
163 1.302500
164 1.312500
165 1.295000
166 1.287500
167 1.317500
168 1.275000
169 1.320000
170 1.267500
171 1.260000
172 1.267500
173 1.240000
174 1.352500
175 1.237500
176 1.275000
177 1.265000
178 1.237500
179 1.252500
180 1.287500
181 1.235000
182 1.280000
183 1.320000
184 1.247500
185 1.285000
186 1.242500
187 1.242500
188 1.247500
189 1.267500
190 543.152500
191 1.565000
192 1.282500
193 1.280000
194 1.297500
195 1.307500
196 1.287500
197 1.280000
198 1.277500
199 1.335000
200 1.297500
1 219.219643
2 266.227500
3 82.255714
4 1.779643
5 1.697143
6 362.532857
7 1.849286
8 1.599643
9 1.632857
10 1.616786
11 1.599643
12 1.640357
13 1.609286
14 374.139643
15 2.013214
16 1.623214
17 1.593214
18 1.686429
19 1.640357
20 1.629643
21 1.599643
22 1.579286
23 1.512857
24 1.632857
25 1.670357
26 1.653214
27 1.666071
28 1.636071
29 1.640357
30 594.363214
31 1.927500
32 1.636071
33 1.613571
34 1.653214
35 1.599643
36 3.786429
37 1.569643
38 1.556786
39 1.633929
40 1.659643
41 1.523571
42 1.542857
43 1.533214
44 1.593214
45 1.536429
46 1.503214
47 1.500000
48 1.526786
49 1.556786
50 1.586786
51 1.500000
52 1.547143
53 1.566429
54 1.550357
55 1.533214
56 1.503214
57 1.593214
58 1.540714
59 1.517143
60 1.593214
61 1.590000
62 537.433929
63 1.877143
64 1.670357
65 1.596429
66 1.613571
67 1.580357
68 1.583571
69 1.569643
70 1.556786
71 1.629643
72 1.520357
73 1.566429
74 1.519286
75 1.560000
76 1.583571
77 1.536429
78 1.613571
79 1.523571
80 1.637143
81 1.572857
82 1.569643
83 1.550357
84 1.624286
85 1.586786
86 1.519286
87 1.566429
88 1.542857
89 1.569643
90 1.626429
91 1.569643
92 1.556786
93 1.556786
94 329.226429
95 1.890000
96 1.657500
97 1.642500
98 1.590000
99 1.610357
100 1.659643
101 1.632857
102 1.613571
103 1.602857
104 1.615714
105 1.530000
106 1.700357
107 1.576071
108 1.517143
109 1.563214
110 1.582500
111 1.569643
112 1.573929
113 1.550357
114 1.517143
115 223.009286
116 1.820357
117 1.659643
118 1.580357
119 1.623214
120 1.573929
121 1.566429
122 1.597500
123 1.609286
124 1.560000
125 1.569643
126 598.960714
127 1.923214
128 1.673571
129 1.566429
130 1.630714
131 3.873214
132 1.729286
133 1.666071
134 1.569643
135 1.727143
136 1.590000
137 1.563214
138 1.556786
139 1.542857
140 1.566429
141 1.566429
142 1.556786
143 1.566429
144 1.573929
145 1.586786
146 1.533214
147 1.560000
148 1.536429
149 1.536429
150 1.530000
151 1.553571
152 1.539643
153 1.563214
154 1.577143
155 1.530000
156 1.539643
157 1.640357
158 537.192857
159 1.906071
160 1.667143
161 1.666071
162 1.603929
163 1.660714
164 1.563214
165 1.616786
166 1.662857
167 1.606071
168 1.553571
169 1.556786
170 1.566429
171 1.566429
172 1.590000
173 1.549286
174 1.585714
175 1.553571
176 1.583571
177 1.536429
178 2.436429
179 1.645714
180 1.583571
181 1.629643
182 1.643571
183 1.602857
184 1.576071
185 1.586786
186 1.566429
187 1.646786
188 1.536429
189 1.523571
190 481.613571
191 1.906071
192 1.653214
193 1.610357
194 1.676786
195 1.596429
196 1.590000
197 1.590000
198 1.610357
199 1.596429
200 1.536429
1 218.932500
2 230.653929
3 78.300000
4 1.659643
5 1.556786
6 327.079286
7 1.825714
8 1.552500
9 1.512857
10 1.607143
11 1.536429
12 1.633929
13 1.623214
14 387.953571
15 1.856786
16 1.566429
17 1.553571
18 1.550357
19 1.547143
20 1.620000
21 1.663929
22 1.510714
23 1.517143
24 1.546071
25 1.530000
26 1.533214
27 1.596429
28 1.523571
29 1.530000
30 605.443929
31 1.882500
32 1.597500
33 1.566429
34 1.593214
35 1.552500
36 1.576071
37 1.569643
38 1.509643
39 1.517143
40 1.633929
41 1.477500
42 1.520357
43 1.530000
44 1.483929
45 1.550357
46 1.466786
47 1.457143
48 1.466786
49 1.513929
50 1.632857
51 1.530000
52 1.542857
53 1.676786
54 1.543929
55 1.539643
56 1.522500
57 1.667143
58 1.509643
59 1.466786
60 1.486071
61 1.526786
62 557.785714
63 1.867500
64 1.560000
65 1.556786
66 1.563214
67 1.569643
68 1.547143
69 1.553571
70 1.547143
71 1.550357
72 1.602857
73 1.492500
74 1.476429
75 1.579286
76 1.580357
77 1.546071
78 1.517143
79 1.613571
80 1.512857
81 1.530000
82 1.470000
83 1.509643
84 1.473214
85 1.597500
86 1.522500
87 1.509643
88 1.530000
89 1.546071
90 1.493571
91 1.536429
92 1.487143
93 1.483929
94 541.576071
95 1.860000
96 1.610357
97 1.577143
98 1.569643
99 1.580357
100 1.650000
101 1.642500
102 1.586786
103 1.556786
104 1.633929
105 1.530000
106 1.580357
107 1.609286
108 1.572857
109 1.536429
110 1.626429
111 1.603929
112 1.470000
113 1.470000
114 1.560000
115 1.686429
116 1.563214
117 1.607143
118 1.536429
119 1.530000
120 1.526786
121 1.503214
122 1.556786
123 1.570714
124 1.543929
125 1.486071
126 514.897500
127 1.896429
128 1.596429
129 1.536429
130 1.659643
131 1.593214
132 1.506429
133 1.534286
134 1.563214
135 1.539643
136 1.563214
137 1.473214
138 1.560000
139 1.640357
140 1.640357
141 1.495714
142 1.597500
143 1.540714
144 1.520357
145 1.512857
146 1.543929
147 1.539643
148 1.500000
149 1.533214
150 1.522500
151 1.509643
152 1.503214
153 1.496786
154 1.547143
155 1.566429
156 1.539643
157 1.506429
158 559.367143
159 1.910357
160 1.696071
161 1.556786
162 1.726071
163 1.590000
164 1.550357
165 1.572857
166 1.533214
167 1.523571
168 1.530000
169 1.510714
170 1.536429
171 1.495714
172 1.513929
173 1.583571
174 1.473214
175 1.556786
176 1.533214
177 1.503214
178 1.506429
179 1.533214
180 1.550357
181 1.580357
182 1.533214
183 1.593214
184 1.526786
185 114.966429
186 2.030357
187 1.623214
188 1.626429
189 1.573929
190 61.593214
191 1.846071
192 1.593214
193 517.236429
194 1.893214
195 1.609286
196 1.566429
197 1.666071
198 1.576071
199 1.672500
200 1.540714
1 173.646429
2 250.618929
3 79.444286
4 2.547857
5 1.058571
6 286.336071
7 1.302857
8 1.050000
9 1.043571
10 1.030714
11 1.050000
12 1.015714
13 1.054286
14 457.977857
15 1.863214
16 1.603929
17 1.620000
18 1.687500
19 1.566429
20 1.633929
21 1.590000
22 1.646786
23 1.646786
24 1.636071
25 1.603929
26 1.567500
27 1.623214
28 1.596429
29 1.676786
30 493.582500
31 4.133571
32 1.650000
33 1.610357
34 1.596429
35 1.736786
36 1.676786
37 1.590000
38 1.552500
39 1.713214
40 1.566429
41 1.569643
42 1.596429
43 1.593214
44 1.580357
45 1.613571
46 1.556786
47 1.560000
48 1.580357
49 1.590000
50 1.547143
51 1.539643
52 1.556786
53 1.540714
54 1.533214
55 1.550357
56 1.546071
57 1.639286
58 1.556786
59 1.597500
60 1.563214
61 1.553571
62 536.526429
63 2.043214
64 1.626429
65 1.666071
66 1.646786
67 1.646786
68 1.643571
69 1.626429
70 1.627500
71 1.629643
72 1.616786
73 1.586786
74 1.593214
75 1.593214
76 1.510714
77 1.646786
78 1.542857
79 1.680000
80 1.624286
81 1.533214
82 1.650000
83 1.616786
84 1.573929
85 1.590000
86 1.594286
87 1.620000
88 1.556786
89 1.586786
90 1.586786
91 1.573929
92 1.603929
93 1.623214
94 329.490000
95 1.980000
96 1.583571
97 1.616786
98 1.607143
99 1.650000
100 1.616786
101 1.590000
102 1.579286
103 1.600714
104 1.613571
105 1.616786
106 1.560000
107 1.590000
108 1.590000
109 1.553571
110 1.572857
111 1.629643
112 1.542857
113 1.662857
114 1.609286
115 213.366429
116 1.903929
117 1.680000
118 1.627500
119 1.632857
120 1.599643
121 1.626429
122 1.603929
123 1.569643
124 1.613571
125 1.583571
126 602.750357
127 1.926429
128 1.640357
129 1.659643
130 1.590000
131 1.586786
132 1.579286
133 1.599643
134 1.660714
135 3.830357
136 1.615714
137 1.569643
138 1.620000
139 1.579286
140 1.590000
141 1.577143
142 1.569643
143 1.549286
144 1.560000
145 1.546071
146 1.673571
147 1.573929
148 1.577143
149 1.577143
150 1.566429
151 1.567500
152 1.540714
153 1.613571
154 1.602857
155 1.593214
156 1.556786
157 1.536429
158 507.199286
159 1.906071
160 1.586786
161 1.653214
162 1.689643
163 1.766786
164 1.590000
165 1.583571
166 1.566429
167 3.857143
168 1.716429
169 1.710000
170 1.580357
171 1.612500
172 1.570714
173 1.580357
174 1.675714
175 1.556786
176 1.560000
177 1.576071
178 1.539643
179 1.577143
180 1.549286
181 1.627500
182 1.566429
183 1.569643
184 1.606071
185 1.610357
186 1.613571
187 1.596429
188 1.573929
189 1.620000
190 640.893214
191 1.932857
192 1.660714
193 1.656429
194 1.646786
195 1.650000
196 1.580357
197 1.596429
198 1.616786
199 1.606071
200 1.616786
1 212.406429
2 261.093571
3 82.950714
4 1.643571
5 1.400714
6 281.960714
7 1.770000
8 1.448571
9 1.451429
10 1.446429
11 1.488571
12 1.425000
13 1.403571
14 388.665000
15 1.710000
16 1.502857
17 1.422143
18 1.487857
19 1.427857
20 1.440000
21 1.455000
22 1.419286
23 1.442857
24 1.475714
25 1.512143
26 1.422143
27 1.452143
28 1.437143
29 1.427857
30 672.045000
31 1.752143
32 1.407143
33 1.494286
34 1.512143
35 1.472857
36 1.425000
37 1.490714
38 1.422143
39 1.458571
40 1.419286
41 1.434286
42 1.383571
43 1.437143
44 1.425000
45 1.386429
46 1.382857
47 1.422143
48 1.427857
49 1.419286
50 1.397857
51 1.442857
52 1.404286
53 1.440000
54 1.425000
55 1.449286
56 1.506429
57 1.403571
58 1.448571
59 1.397857
60 1.425000
61 1.410000
62 542.267857
63 1.767143
64 1.437143
65 1.460714
66 1.560000
67 1.494286
68 1.428571
69 1.457857
70 1.470000
71 1.437143
72 1.448571
73 1.448571
74 1.452143
75 1.410000
76 1.391429
77 1.449286
78 1.397857
79 1.400714
80 1.418571
81 1.442857
82 1.419286
83 1.403571
84 1.367857
85 1.397857
86 1.445714
87 1.464286
88 1.395000
89 1.440000
90 1.401429
91 1.397857
92 1.431429
93 1.451429
94 371.942857
95 1.740000
96 1.547857
97 1.485000
98 1.470000
99 1.460714
100 1.472857
101 1.476429
102 1.455000
103 1.421429
104 1.419286
105 1.404286
106 1.431429
107 1.437143
108 1.434286
109 1.389286
110 1.397857
111 1.410000
112 1.403571
113 1.410000
114 1.385714
115 258.620714
116 1.922857
117 1.476429
118 1.470000
119 1.512143
120 1.455000
121 1.476429
122 1.442857
123 1.512143
124 1.403571
125 1.479286
126 626.195714
127 1.670714
128 1.463571
129 1.437143
130 1.442857
131 1.440000
132 1.419286
133 1.442857
134 1.457857
135 1.419286
136 1.527143
137 1.442857
138 1.455000
139 1.397857
140 1.433571
141 1.436429
142 1.418571
143 1.400714
144 1.410000
145 1.418571
146 1.442857
147 1.418571
148 1.397857
149 1.404286
150 1.458571
151 1.400714
152 1.473571
153 1.422143
154 1.404286
155 1.427857
156 1.425000
157 1.395000
158 528.653571
159 1.775714
160 1.452143
161 1.475714
162 1.442857
163 1.463571
164 1.464286
165 1.373571
166 1.431429
167 1.416429
168 1.433571
169 1.425000
170 1.370714
171 1.407143
172 1.346429
173 1.440000
174 1.395000
175 1.418571
176 1.377143
177 1.431429
178 1.425000
179 1.385714
180 1.419286
181 1.386429
182 1.389286
183 1.371429
184 1.410000
185 1.433571
186 1.401429
187 1.440000
188 1.386429
189 1.392143
190 555.317857
191 1.808571
192 1.502857
193 1.472857
194 1.442857
195 1.433571
196 1.446429
197 1.461429
198 1.451429
199 1.460714
200 1.433571
1 223.037143
2 257.857500
3 81.513214
4 1.646786
5 1.599643
6 247.749643
7 1.894286
8 1.626429
9 1.593214
10 1.626429
11 1.590000
12 1.602857
13 1.556786
14 388.256786
15 1.936071
16 1.650000
17 1.596429
18 1.620000
19 1.596429
20 1.539643
21 1.569643
22 1.667143
23 1.560000
24 1.610357
25 1.530000
26 1.650000
27 1.606071
28 1.620000
29 1.560000
30 573.647143
31 1.966071
32 1.733571
33 1.590000
34 1.599643
35 1.616786
36 1.620000
37 1.593214
38 1.573929
39 1.609286
40 1.566429
41 1.517143
42 1.583571
43 1.563214
44 1.577143
45 1.539643
46 1.560000
47 1.597500
48 1.570714
49 1.569643
50 1.530000
51 1.542857
52 1.522500
53 1.550357
54 1.566429
55 1.577143
56 1.560000
57 1.569643
58 1.586786
59 1.537500
60 1.530000
61 1.560000
62 538.426071
63 1.899643
64 1.643571
65 1.620000
66 1.594286
67 1.572857
68 1.596429
69 1.576071
70 1.597500
71 1.590000
72 1.563214
73 1.563214
74 1.586786
75 1.509643
76 1.510714
77 1.560000
78 1.642500
79 1.533214
80 1.520357
81 1.573929
82 1.599643
83 1.552500
84 1.526786
85 1.596429
86 1.523571
87 1.539643
88 1.522500
89 1.517143
90 1.489286
91 1.553571
92 1.540714
93 1.583571
94 330.333214
95 1.912500
96 1.552500
97 1.623214
98 1.637143
99 1.599643
100 1.593214
101 1.569643
102 1.599643
103 1.583571
104 1.579286
105 1.526786
106 1.590000
107 1.596429
108 1.549286
109 1.590000
110 1.569643
111 1.563214
112 1.540714
113 1.560000
114 1.556786
115 217.550357
116 2.052857
117 1.616786
118 1.567500
119 1.572857
120 1.629643
121 1.606071
122 1.593214
123 1.549286
124 1.549286
125 1.590000
126 606.220714
127 1.950000
128 1.623214
129 1.607143
130 1.616786
131 1.602857
132 1.577143
133 1.580357
134 1.560000
135 1.583571
136 1.556786
137 1.577143
138 1.547143
139 1.603929
140 1.600714
141 1.536429
142 1.530000
143 1.576071
144 1.577143
145 1.546071
146 1.563214
147 1.577143
148 1.560000
149 1.569643
150 1.579286
151 1.496786
152 1.599643
153 1.533214
154 1.570714
155 1.585714
156 1.609286
157 1.566429
158 544.863214
159 1.963929
160 1.656429
161 1.586786
162 1.576071
163 1.613571
164 1.613571
165 1.627500
166 1.576071
167 1.623214
168 1.596429
169 1.530000
170 1.576071
171 1.613571
172 1.590000
173 1.573929
174 1.580357
175 1.596429
176 1.523571
177 1.547143
178 1.522500
179 1.523571
180 1.563214
181 1.550357
182 1.599643
183 1.530000
184 1.563214
185 1.536429
186 1.556786
187 1.549286
188 1.586786
189 1.536429
190 510.366429
191 1.906071
192 1.616786
193 1.582500
194 1.533214
195 1.560000
196 1.555714
197 1.629643
198 1.569643
199 1.542857
200 1.553571
1 197.175000
2 259.696071
3 81.956786
4 1.747500
5 1.643571
6 283.062857
7 2.070000
8 1.637143
9 1.616786
10 1.586786
11 1.689643
12 1.616786
13 1.563214
14 348.399643
15 1.810714
16 3.746786
17 0.600000
18 0.602143
19 0.578571
20 0.585000
21 0.570000
22 0.592500
23 0.571071
24 0.576429
25 0.590357
26 0.608571
27 0.601071
28 0.608571
29 0.564643
30 605.033571
31 0.760714
32 0.608571
33 0.627857
34 0.618214
35 0.582857
36 0.585000
37 0.589286
38 0.593571
39 0.609643
40 0.651429
41 0.588214
42 0.586071
43 0.583929
44 0.563571
45 0.577500
46 0.592500
47 0.567857
48 0.576429
49 0.571071
50 0.603214
51 0.560357
52 0.578571
53 0.572143
54 0.561429
55 0.573214
56 0.565714
57 0.555000
58 0.588214
59 0.562500
60 0.576429
61 0.574286
62 738.196071
63 1.251429
64 1.028571
65 1.043571
66 1.058571
67 1.088571
68 1.013571
69 1.080000
70 1.005000
71 0.994286
72 1.077857
73 0.992143
74 1.022143
75 1.002857
76 0.994286
77 1.026429
78 1.000714
79 1.017857
80 0.975000
81 1.060714
82 1.011429
83 1.032857
84 1.026429
85 1.013571
86 1.069286
87 1.013571
88 1.000714
89 0.998571
90 1.015714
91 1.022143
92 1.002857
93 1.000714
94 410.440714
95 1.236429
96 1.058571
97 1.022143
98 1.039286
99 1.050000
100 1.020000
101 0.994286
102 0.998571
103 1.116429
104 0.983571
105 1.000714
106 1.022143
107 1.009286
108 0.987857
109 0.994286
110 1.017857
111 0.994286
112 1.020000
113 1.009286
114 1.005000
115 276.571071
116 1.328571
117 1.047857
118 1.062857
119 1.069286
120 1.030714
121 1.024286
122 1.022143
123 1.022143
124 1.105714
125 0.998571
126 663.252857
127 1.202143
128 1.067143
129 1.054286
130 1.050000
131 1.075714
132 1.041429
133 1.062857
134 1.050000
135 0.992143
136 1.054286
137 1.062857
138 1.020000
139 1.041429
140 1.041429
141 1.075714
142 1.075714
143 1.039286
144 1.045714
145 1.054286
146 1.007143
147 1.032857
148 1.032857
149 1.024286
150 1.030714
151 1.015714
152 0.996429
153 1.024286
154 1.039286
155 1.015714
156 1.002857
157 1.026429
158 597.784286
159 1.296429
160 1.043571
161 2.492143
162 1.075714
163 1.045714
164 1.047857
165 1.022143
166 1.107857
167 1.114286
168 1.058571
169 1.022143
170 1.092857
171 1.043571
172 1.020000
173 1.043571
174 1.007143
175 1.073571
176 1.026429
177 1.037143
178 0.996429
179 0.994286
180 1.026429
181 0.994286
182 1.052143
183 0.994286
184 1.017857
185 1.030714
186 1.007143
187 1.035000
188 0.987857
189 0.998571
190 551.807143
191 1.322143
192 1.067143
193 1.039286
194 1.097143
195 1.039286
196 1.041429
197 1.037143
198 1.032857
199 1.054286
200 1.030714
1 217.305714
2 277.522500
3 83.947500
4 1.644286
5 1.412857
6 299.715000
7 1.667857
8 1.487857
9 1.434286
10 1.434286
11 1.413571
12 1.410000
13 1.410000
14 394.176429
15 1.680000
16 1.428571
17 1.488571
18 1.524286
19 1.419286
20 1.419286
21 1.425000
22 1.502857
23 1.431429
24 1.377143
25 1.437143
26 1.422143
27 1.494286
28 1.442857
29 1.427857
30 612.560714
31 1.736429
32 1.421429
33 1.425000
34 1.440000
35 1.431429
36 1.460714
37 1.416429
38 1.577857
39 1.415714
40 1.412857
41 1.445714
42 1.440000
43 1.385714
44 1.385714
45 1.440000
46 1.422143
47 1.388571
48 1.398571
49 1.403571
50 1.404286
51 3.447143
52 1.442857
53 1.535714
54 1.425000
55 1.382857
56 1.407143
57 1.410000
58 1.433571
59 1.440000
60 1.440000
61 1.407143
62 551.375714
63 1.755000
64 1.515000
65 1.413571
66 1.404286
67 1.457857
68 1.449286
69 1.419286
70 1.497143
71 1.422143
72 1.377143
73 1.410000
74 1.392143
75 1.356429
76 1.550714
77 1.418571
78 1.395000
79 1.382857
80 1.466429
81 1.397857
82 1.440000
83 1.374286
84 1.422143
85 1.455000
86 1.380000
87 1.373571
88 1.434286
89 1.500000
90 1.421429
91 1.404286
92 1.440000
93 1.356429
94 566.115000
95 1.716429
96 1.511429
97 1.470000
98 1.500000
99 1.419286
100 1.451429
101 1.427857
102 1.467143
103 1.407143
104 1.410000
105 1.397857
106 1.397857
107 1.422143
108 1.418571
109 1.452143
110 1.445714
111 1.410000
112 1.416429
113 1.451429
114 1.388571
115 1.443571
116 1.470000
117 1.385714
118 1.380000
119 1.419286
120 1.377143
121 1.380000
122 1.407143
123 1.377143
124 1.400714
125 1.386429
126 555.650714
127 1.731429
128 1.451429
129 1.502857
130 1.496429
131 1.458571
132 1.404286
133 1.482143
134 1.550714
135 1.512143
136 1.425000
137 1.452143
138 1.377143
139 1.374286
140 1.392143
141 1.373571
142 1.365000
143 1.407143
144 1.427857
145 1.410000
146 1.382857
147 1.380000
148 1.431429
149 1.392143
150 1.374286
151 1.373571
152 1.401429
153 1.385714
154 1.374286
155 1.365000
156 1.380000
157 1.371429
158 568.298571
159 1.745714
160 1.515000
161 1.455000
162 1.419286
163 1.436429
164 1.377143
165 1.397857
166 1.412857
167 1.440000
168 1.422143
169 1.395000
170 1.400714
171 1.382857
172 1.557143
173 1.410000
174 1.367857
175 1.407143
176 1.386429
177 1.410000
178 1.382857
179 1.391429
180 1.491429
181 1.472857
182 1.448571
183 77.192857
184 1.650000
185 1.478571
186 1.412857
187 1.407143
188 1.410000
189 1.448571
190 52.197143
191 1.595714
192 1.440000
193 541.490714
194 1.811429
195 1.479286
196 1.461429
197 1.452143
198 1.440000
199 1.383571
200 1.434286
1 226.983214
2 243.094286
3 82.778571
4 1.176429
5 1.071429
6 284.890714
7 1.910357
8 4.254643
9 1.020000
10 1.065000
11 1.056429
12 1.097143
13 1.047857
14 409.223571
15 1.290000
16 1.629643
17 1.650000
18 1.586786
19 1.653214
20 1.624286
21 1.623214
22 1.620000
23 1.596429
24 1.663929
25 1.637143
26 1.586786
27 1.616786
28 1.599643
29 1.660714
30 599.957143
31 1.986429
32 1.663929
33 1.660714
34 1.650000
35 1.643571
36 1.615714
37 1.616786
38 1.636071
39 1.546071
40 1.570714
41 1.496786
42 1.594286
43 1.602857
44 1.602857
45 1.550357
46 1.542857
47 1.533214
48 1.560000
49 1.560000
50 1.530000
51 1.577143
52 1.550357
53 1.560000
54 1.576071
55 1.564286
56 1.590000
57 1.560000
58 1.540714
59 1.580357
60 1.560000
61 1.549286
62 538.509643
63 2.032500
64 1.620000
65 1.613571
66 1.646786
67 1.646786
68 1.699286
69 1.593214
70 1.616786
71 1.593214
72 1.570714
73 1.629643
74 1.530000
75 1.533214
76 1.596429
77 1.560000
78 1.576071
79 1.553571
80 1.602857
81 1.560000
82 1.556786
83 1.533214
84 1.603929
85 1.550357
86 1.526786
87 1.520357
88 1.553571
89 1.542857
90 1.590000
91 1.582500
92 1.577143
93 1.566429
94 362.936786
95 1.877143
96 1.590000
97 1.590000
98 1.567500
99 1.566429
100 1.643571
101 1.599643
102 1.572857
103 1.659643
104 1.563214
105 1.536429
106 1.526786
107 1.580357
108 1.503214
109 1.620000
110 1.637143
111 1.560000
112 1.533214
113 1.523571
114 1.520357
115 223.693929
116 2.053929
117 1.600714
118 1.610357
119 1.606071
120 1.620000
121 1.629643
122 1.573929
123 1.640357
124 1.600714
125 1.580357
126 594.226071
127 1.987500
128 1.632857
129 1.686429
130 1.580357
131 1.656429
132 1.590000
133 1.580357
134 1.537500
135 1.585714
136 1.534286
137 1.553571
138 1.517143
139 1.640357
140 1.594286
141 1.550357
142 1.569643
143 1.513929
144 1.569643
145 1.503214
146 1.580357
147 1.547143
148 1.569643
149 1.523571
150 1.530000
151 1.542857
152 1.566429
153 1.530000
154 1.542857
155 1.547143
156 1.596429
157 1.566429
158 543.682500
159 1.893214
160 1.693929
161 1.630714
162 1.626429
163 1.643571
164 1.620000
165 1.583571
166 1.620000
167 1.653214
168 1.569643
169 1.569643
170 1.556786
171 1.550357
172 1.542857
173 1.552500
174 1.600714
175 1.542857
176 1.536429
177 1.582500
178 1.555714
179 1.526786
180 1.556786
181 1.596429
182 1.590000
183 1.560000
184 1.603929
185 1.563214
186 1.533214
187 1.530000
188 1.536429
189 1.569643
190 550.790357
191 1.910357
192 1.646786
193 1.620000
194 1.620000
195 1.553571
196 1.583571
197 1.577143
198 1.570714
199 1.653214
200 1.560000
1 230.556429
2 266.224286
3 81.446786
4 1.810714
5 1.692857
6 246.000000
7 1.920000
8 1.550357
9 1.580357
10 1.579286
11 1.556786
12 1.563214
13 1.560000
14 392.460000
15 2.220000
16 1.583571
17 1.599643
18 1.633929
19 1.553571
20 1.560000
21 1.577143
22 1.616786
23 1.533214
24 1.612500
25 1.550357
26 1.539643
27 1.659643
28 1.593214
29 1.590000
30 598.833214
31 2.033571
32 1.620000
33 1.596429
34 1.597500
35 1.586786
36 1.590000
37 1.516071
38 1.573929
39 1.503214
40 1.493571
41 1.487143
42 1.482857
43 1.546071
44 1.492500
45 1.550357
46 1.547143
47 1.496786
48 1.526786
49 1.500000
50 1.549286
51 1.492500
52 1.500000
53 1.560000
54 1.493571
55 1.506429
56 1.579286
57 1.504286
58 1.512857
59 1.517143
60 1.539643
61 1.520357
62 539.090357
63 1.916786
64 1.602857
65 1.613571
66 1.607143
67 1.577143
68 1.599643
69 1.583571
70 1.576071
71 1.613571
72 1.713214
73 1.547143
74 1.560000
75 1.533214
76 1.583571
77 1.512857
78 1.596429
79 1.566429
80 1.569643
81 1.560000
82 1.553571
83 1.525714
84 1.482857
85 1.566429
86 1.573929
87 1.586786
88 1.576071
89 1.506429
90 1.526786
91 1.536429
92 1.483929
93 1.596429
94 512.206071
95 1.916786
96 1.600714
97 1.613571
98 1.613571
99 1.547143
100 1.643571
101 1.623214
102 1.596429
103 1.599643
104 1.572857
105 1.566429
106 1.512857
107 1.577143
108 1.566429
109 1.552500
110 1.577143
111 1.582500
112 1.547143
113 1.603929
114 1.586786
115 1.543929
116 1.517143
117 1.573929
118 1.509643
119 1.626429
120 1.713214
121 1.549286
122 1.577143
123 1.537500
124 1.523571
125 1.546071
126 521.906786
127 1.880357
128 1.549286
129 1.593214
130 1.643571
131 1.572857
132 1.609286
133 1.549286
134 1.560000
135 1.500000
136 1.510714
137 1.566429
138 1.563214
139 1.520357
140 1.556786
141 1.526786
142 1.550357
143 1.547143
144 1.572857
145 1.566429
146 1.549286
147 1.533214
148 1.536429
149 1.593214
150 1.526786
151 3.769286
152 1.653214
153 1.520357
154 1.615714
155 1.492500
156 1.563214
157 1.623214
158 541.370357
159 1.936071
160 1.670357
161 1.616786
162 1.606071
163 1.590000
164 1.596429
165 1.627500
166 1.620000
167 1.566429
168 1.616786
169 1.507500
170 1.556786
171 1.549286
172 1.546071
173 1.523571
174 1.530000
175 1.620000
176 1.556786
177 1.500000
178 1.530000
179 1.493571
180 2.296071
181 1.620000
182 1.599643
183 1.569643
184 1.609286
185 1.580357
186 1.580357
187 1.610357
188 1.593214
189 1.610357
190 58.200000
191 1.849286
192 1.639286
193 517.676786
194 2.250000
195 1.632857
196 1.569643
197 1.590000
198 1.479643
199 1.496786
200 1.573929
1 219.426429
2 226.962857
3 77.479286
4 1.640357
5 1.650000
6 354.817500
7 1.890000
8 1.670357
9 1.583571
10 1.569643
11 1.563214
12 1.566429
13 1.613571
14 385.899643
15 1.950000
16 1.719643
17 1.616786
18 1.620000
19 1.642500
20 1.580357
21 1.563214
22 1.573929
23 1.613571
24 1.599643
25 1.599643
26 1.623214
27 1.636071
28 1.597500
29 1.637143
30 600.260357
31 2.070000
32 1.632857
33 1.626429
34 1.650000
35 1.646786
36 1.629643
37 1.590000
38 1.640357
39 1.620000
40 1.560000
41 1.580357
42 1.560000
43 1.572857
44 1.626429
45 1.583571
46 1.599643
47 1.580357
48 1.566429
49 1.566429
50 1.572857
51 1.540714
52 1.610357
53 1.593214
54 1.576071
55 1.572857
56 1.526786
57 1.606071
58 1.539643
59 1.566429
60 1.543929
61 1.537500
62 508.356429
63 1.929643
64 1.623214
65 1.593214
66 1.653214
67 1.610357
68 1.607143
69 1.599643
70 1.596429
71 1.612500
72 1.570714
73 1.563214
74 1.542857
75 1.513929
76 1.517143
77 1.503214
78 1.573929
79 1.602857
80 1.576071
81 1.540714
82 1.590000
83 1.572857
84 1.509643
85 1.556786
86 1.585714
87 1.553571
88 1.569643
89 1.542857
90 1.583571
91 1.566429
92 1.546071
93 1.637143
94 333.900000
95 1.940357
96 1.606071
97 1.613571
98 1.633929
99 1.543929
100 1.569643
101 1.572857
102 1.616786
103 1.636071
104 1.520357
105 1.683214
106 1.582500
107 1.539643
108 1.553571
109 1.637143
110 1.573929
111 1.553571
112 1.482857
113 1.520357
114 1.556786
115 218.426786
116 1.880357
117 1.620000
118 1.606071
119 1.613571
120 1.580357
121 1.609286
122 1.593214
123 1.600714
124 1.570714
125 1.612500
126 601.120714
127 1.945714
128 1.637143
129 1.626429
130 1.640357
131 1.620000
132 1.599643
133 1.620000
134 1.626429
135 1.593214
136 1.586786
137 1.566429
138 1.546071
139 1.556786
140 1.536429
141 1.546071
142 1.576071
143 1.553571
144 1.583571
145 1.593214
146 1.590000
147 1.599643
148 1.542857
149 1.582500
150 1.580357
151 1.553571
152 1.603929
153 1.533214
154 1.560000
155 1.590000
156 1.680000
157 1.526786
158 543.170357
159 1.929643
160 1.710000
161 1.680000
162 1.616786
163 1.607143
164 1.620000
165 1.637143
166 1.657500
167 1.643571
168 1.599643
169 1.633929
170 1.602857
171 1.607143
172 1.543929
173 1.573929
174 1.583571
175 1.613571
176 1.633929
177 1.582500
178 1.607143
179 1.580357
180 1.590000
181 1.583571
182 1.583571
183 1.530000
184 1.560000
185 1.533214
186 2.786786
187 1.667143
188 1.620000
189 1.676786
190 477.150000
191 2.020714
192 1.673571
193 1.653214
194 1.637143
195 1.596429
196 1.609286
197 1.543929
198 1.580357
199 1.586786
200 1.556786
1 174.309643
2 246.375000
3 79.345714
4 1.195714
5 1.005000
6 286.571786
7 1.206429
8 1.047857
9 1.086429
10 1.030714
11 1.045714
12 1.007143
13 1.007143
14 449.941071
15 1.902857
16 1.610357
17 1.553571
18 1.610357
19 1.612500
20 1.593214
21 1.580357
22 1.506429
23 1.553571
24 1.526786
25 1.650000
26 1.556786
27 1.662857
28 1.576071
29 1.567500
30 585.313929
31 1.933929
32 1.582500
33 1.556786
34 1.606071
35 1.596429
36 1.606071
37 1.569643
38 1.523571
39 3.829286
40 1.553571
41 1.542857
42 1.530000
43 1.583571
44 1.580357
45 1.517143
46 1.503214
47 1.586786
48 1.547143
49 1.560000
50 1.560000
51 1.539643
52 1.553571
53 1.560000
54 1.560000
55 1.596429
56 1.530000
57 1.549286
58 1.563214
59 1.513929
60 1.600714
61 1.536429
62 553.406786
63 1.989643
64 1.613571
65 1.599643
66 1.630714
67 1.616786
68 1.593214
69 1.547143
70 1.603929
71 1.580357
72 1.576071
73 1.577143
74 1.542857
75 1.583571
76 1.542857
77 1.530000
78 1.610357
79 1.543929
80 1.526786
81 1.566429
82 1.603929
83 1.579286
84 1.547143
85 1.507500
86 1.603929
87 1.580357
88 1.536429
89 1.482857
90 1.510714
91 1.547143
92 1.543929
93 1.530000
94 332.777143
95 1.856786
96 1.569643
97 1.577143
98 1.580357
99 1.623214
100 1.583571
101 1.553571
102 1.697143
103 1.616786
104 1.540714
105 1.610357
106 1.613571
107 1.586786
108 1.650000
109 1.500000
110 1.525714
111 1.563214
112 1.526786
113 1.583571
114 1.542857
115 219.456429
116 1.860000
117 1.620000
118 1.585714
119 1.602857
120 1.573929
121 1.566429
122 1.556786
123 1.553571
124 1.560000
125 1.507500
126 607.247143
127 1.796786
128 1.566429
129 1.623214
130 1.726071
131 1.593214
132 1.650000
133 1.536429
134 1.506429
135 1.593214
136 1.530000
137 1.596429
138 1.579286
139 1.637143
140 1.703571
141 1.512857
142 1.530000
143 1.563214
144 1.603929
145 1.560000
146 1.526786
147 1.570714
148 1.540714
149 1.533214
150 1.540714
151 1.520357
152 1.516071
153 1.526786
154 1.593214
155 1.550357
156 1.523571
157 1.539643
158 538.487143
159 1.803214
160 1.673571
161 1.586786
162 1.616786
163 1.583571
164 1.573929
165 1.600714
166 1.563214
167 1.606071
168 1.512857
169 1.490357
170 1.510714
171 1.566429
172 1.560000
173 1.503214
174 1.540714
175 1.596429
176 1.560000
177 1.553571
178 1.513929
179 3.857143
180 1.653214
181 1.530000
182 1.533214
183 1.510714
184 1.512857
185 1.480714
186 1.513929
187 1.547143
188 1.569643
189 1.603929
190 512.347500
191 1.830000
192 1.594286
193 1.746429
194 1.667143
195 1.579286
196 1.620000
197 1.736786
198 1.670357
199 1.623214
200 1.596429
1 173.243571
2 250.727143
3 80.070000
4 1.185000
5 1.052143
6 285.100714
7 1.292143
8 1.047857
9 1.015714
10 1.022143
11 1.017857
12 1.080000
13 1.035000
14 454.609286
15 1.236429
16 1.013571
17 0.992143
18 1.028571
19 1.022143
20 1.047857
21 1.058571
22 1.015714
23 1.013571
24 1.050000
25 1.120714
26 1.062857
27 1.024286
28 1.037143
29 1.024286
30 623.282143
31 1.272857
32 1.073571
33 1.069286
34 1.035000
35 1.060714
36 1.060714
37 1.047857
38 1.026429
39 1.011429
40 1.013571
41 0.990000
42 1.013571
43 1.030714
44 1.039286
45 1.032857
46 1.037143
47 1.022143
48 1.017857
49 0.990000
50 0.992143
51 1.005000
52 1.047857
53 1.005000
54 1.041429
55 1.050000
56 1.020000
57 1.009286
58 1.020000
59 1.011429
60 0.998571
61 1.013571
62 581.157857
63 1.275000
64 1.032857
65 1.035000
66 1.095000
67 1.052143
68 1.062857
69 1.005000
70 1.060714
71 0.992143
72 1.060714
73 0.996429
74 0.987857
75 0.998571
76 0.975000
77 1.028571
78 1.002857
79 1.002857
80 1.002857
81 1.024286
82 1.017857
83 0.998571
84 0.990000
85 1.011429
86 1.002857
87 1.060714
88 2.466429
89 1.013571
90 1.011429
91 0.985714
92 1.013571
93 1.024286
94 412.032857
95 1.322143
96 1.065000
97 1.043571
98 1.097143
99 1.009286
100 1.026429
101 1.022143
102 0.987857
103 1.041429
104 1.043571
105 0.983571
106 0.996429
107 1.005000
108 1.020000
109 1.011429
110 1.043571
111 1.024286
112 1.007143
113 1.039286
114 1.015714
115 258.670714
116 1.238571
117 1.000714
118 1.015714
119 1.037143
120 1.009286
121 1.030714
122 1.009286
123 1.060714
124 1.009286
125 1.020000
126 605.732143
127 1.285714
128 1.075714
129 1.054286
130 1.011429
131 1.037143
132 1.035000
133 1.013571
134 1.032857
135 0.996429
136 1.005000
137 1.032857
138 0.970714
139 0.983571
140 1.028571
141 1.015714
142 1.002857
143 1.009286
144 1.022143
145 1.009286
146 1.026429
147 0.990000
148 0.996429
149 1.009286
150 1.007143
151 1.024286
152 0.990000
153 0.981429
154 2.449286
155 1.050000
156 1.002857
157 0.990000
158 589.448571
159 1.253571
160 1.047857
161 1.030714
162 1.020000
163 1.071429
164 1.032857
165 1.032857
166 1.054286
167 1.043571
168 1.020000
169 1.013571
170 0.998571
171 1.024286
172 0.985714
173 1.045714
174 1.009286
175 0.977143
176 1.020000
177 0.994286
178 1.002857
179 1.022143
180 0.987857
181 1.030714
182 0.977143
183 1.041429
184 1.030714
185 0.992143
186 1.013571
187 0.992143
188 0.990000
189 1.009286
190 628.459286
191 1.232143
192 1.069286
193 1.032857
194 1.020000
195 1.041429
196 1.024286
197 1.088571
198 1.028571
199 0.998571
200 1.050000
1 247.477500
2 267.079286
3 81.780000
4 1.729286
5 1.636071
6 245.756786
7 1.890000
8 1.550357
9 1.566429
10 1.560000
11 1.550357
12 1.553571
13 1.549286
14 383.769643
15 2.040000
16 1.650000
17 1.620000
18 1.583571
19 1.567500
20 1.660714
21 1.609286
22 1.580357
23 1.563214
24 1.556786
25 1.710000
26 1.623214
27 1.602857
28 1.623214
29 1.646786
30 597.802500
31 1.953214
32 1.643571
33 1.613571
34 1.722857
35 1.596429
36 1.590000
37 1.613571
38 1.616786
39 1.566429
40 1.526786
41 1.566429
42 1.533214
43 1.537500
44 1.566429
45 1.569643
46 1.523571
47 1.579286
48 1.533214
49 1.530000
50 1.534286
51 1.550357
52 1.506429
53 1.556786
54 1.530000
55 1.509643
56 1.560000
57 1.500000
58 1.526786
59 1.547143
60 1.530000
61 1.530000
62 499.870714
63 1.927500
64 1.586786
65 1.620000
66 1.609286
67 1.620000
68 1.600714
69 1.669286
70 1.593214
71 1.602857
72 1.569643
73 1.563214
74 1.516071
75 1.496786
76 1.542857
77 1.553571
78 1.560000
79 1.542857
80 1.530000
81 1.533214
82 1.522500
83 1.556786
84 1.523571
85 1.516071
86 1.530000
87 1.510714
88 1.560000
89 1.593214
90 1.547143
91 1.533214
92 1.566429
93 1.553571
94 327.715714
95 1.886786
96 1.586786
97 1.610357
98 1.576071
99 1.556786
100 1.599643
101 1.526786
102 1.543929
103 1.583571
104 1.572857
105 1.520357
106 1.516071
107 1.512857
108 1.556786
109 1.540714
110 1.567500
111 1.624286
112 1.577143
113 1.556786
114 1.599643
115 231.456429
116 2.013214
117 1.609286
118 1.586786
119 1.546071
120 1.596429
121 1.597500
122 1.599643
123 1.580357
124 1.522500
125 1.530000
126 591.756429
127 1.899643
128 1.642500
129 1.546071
130 1.596429
131 1.602857
132 1.590000
133 1.563214
134 1.610357
135 1.583571
136 1.572857
137 1.593214
138 1.513929
139 1.563214
140 1.516071
141 1.590000
142 1.530000
143 1.543929
144 1.576071
145 1.577143
146 1.553571
147 1.596429
148 1.580357
149 1.577143
150 1.593214
151 1.540714
152 1.486071
153 1.560000
154 1.573929
155 1.573929
156 1.550357
157 1.543929
158 544.927500
159 1.933929
160 1.656429
161 1.620000
162 1.573929
163 1.536429
164 1.517143
165 1.569643
166 1.586786
167 1.560000
168 1.666071
169 1.564286
170 1.507500
171 1.570714
172 1.620000
173 1.560000
174 1.646786
175 1.549286
176 1.530000
177 1.552500
178 1.586786
179 1.556786
180 1.552500
181 1.543929
182 1.580357
183 1.576071
184 1.580357
185 1.569643
186 1.473214
187 1.530000
188 1.566429
189 1.633929
190 511.233214
191 1.853571
192 1.623214
193 1.662857
194 1.689643
195 1.667143
196 1.547143
197 1.573929
198 1.503214
199 1.536429
200 1.516071
1 229.547143
2 228.833571
3 78.273214
4 1.806429
5 1.582500
6 387.257143
7 2.006786
8 1.563214
9 1.596429
10 1.620000
11 1.616786
12 1.593214
13 1.563214
14 359.644286
15 1.946786
16 1.546071
17 1.670357
18 1.563214
19 1.547143
20 1.583571
21 1.593214
22 1.543929
23 1.534286
24 1.560000
25 1.563214
26 1.590000
27 1.620000
28 1.609286
29 1.623214
30 602.273571
31 2.166429
32 1.593214
33 1.600714
34 1.710000
35 1.596429
36 1.586786
37 1.566429
38 1.533214
39 1.546071
40 1.466786
41 1.539643
42 1.564286
43 1.522500
44 1.512857
45 1.530000
46 1.530000
47 1.483929
48 1.572857
49 1.536429
50 1.602857
51 1.536429
52 1.550357
53 1.579286
54 1.542857
55 1.520357
56 1.480714
57 1.586786
58 1.503214
59 1.573929
60 1.522500
61 1.513929
62 551.493214
63 2.046429
64 1.607143
65 1.607143
66 1.624286
67 1.603929
68 1.590000
69 1.590000
70 1.573929
71 1.556786
72 1.646786
73 1.583571
74 1.556786
75 1.569643
76 1.650000
77 1.577143
78 1.613571
79 1.556786
80 1.577143
81 1.569643
82 1.540714
83 1.523571
84 1.526786
85 1.517143
86 1.530000
87 1.553571
88 1.560000
89 1.573929
90 1.490357
91 1.563214
92 1.633929
93 1.523571
94 513.309643
95 1.943571
96 1.550357
97 1.572857
98 1.570714
99 1.627500
100 1.542857
101 1.555714
102 1.487143
103 1.490357
104 1.479643
105 1.536429
106 1.580357
107 1.509643
108 1.547143
109 1.536429
110 1.530000
111 1.510714
112 1.540714
113 1.585714
114 1.533214
115 1.507500
116 1.534286
117 1.616786
118 1.550357
119 1.542857
120 1.520357
121 1.509643
122 1.560000
123 1.547143
124 1.547143
125 1.556786
126 526.976786
127 1.997143
128 1.539643
129 1.583571
130 1.564286
131 1.572857
132 1.703571
133 1.613571
134 1.556786
135 1.620000
136 1.593214
137 1.586786
138 1.616786
139 1.547143
140 1.583571
141 1.503214
142 1.547143
143 1.583571
144 1.546071
145 1.523571
146 1.522500
147 1.563214
148 1.566429
149 1.566429
150 1.602857
151 1.539643
152 1.530000
153 1.585714
154 1.516071
155 1.577143
156 1.569643
157 1.542857
158 548.943214
159 2.029286
160 1.596429
161 1.563214
162 1.580357
163 1.596429
164 1.683214
165 1.576071
166 1.573929
167 3.865714
168 1.547143
169 1.540714
170 201.396429
171 1.786071
172 1.623214
173 1.513929
174 1.570714
175 1.539643
176 1.689643
177 1.607143
178 1.553571
179 1.536429
180 1.576071
181 1.606071
182 1.500000
183 1.563214
184 1.536429
185 1.506429
186 1.542857
187 1.550357
188 1.520357
189 1.539643
190 61.403571
191 1.813929
192 1.673571
193 481.660714
194 1.927500
195 1.692857
196 1.599643
197 1.569643
198 1.623214
199 1.599643
200 1.656429
1 217.136786
2 258.570000
3 82.337143
4 1.766786
5 1.583571
6 278.948571
7 2.049643
8 1.586786
9 1.606071
10 1.602857
11 1.586786
12 1.566429
13 1.624286
14 356.690357
15 1.997143
16 1.637143
17 0.596786
18 0.598929
19 0.580714
20 0.588214
21 0.575357
22 0.562500
23 0.567857
24 0.596786
25 0.563571
26 0.564643
27 0.561429
28 0.563571
29 0.591429
30 598.788214
31 0.768214
32 0.572143
33 0.567857
34 0.567857
35 0.577500
36 0.606429
37 0.581786
38 0.578571
39 0.594643
40 0.597857
41 0.597857
42 0.604286
43 0.562500
44 0.564643
45 1.367143
46 0.582857
47 0.603214
48 0.566786
49 0.564643
50 0.555000
51 0.566786
52 0.562500
53 0.567857
54 0.574286
55 0.549643
56 0.565714
57 0.555000
58 0.575357
59 0.562500
60 0.564643
61 0.555000
62 673.204286
63 1.060000
64 0.864286
65 0.860000
66 0.850000
67 0.858571
68 0.848571
69 0.854286
70 0.917143
71 0.871429
72 0.894286
73 0.852857
74 0.820000
75 0.892857
76 0.862857
77 0.855714
78 0.805714
79 0.850000
80 0.837143
81 0.822857
82 0.831429
83 0.841429
84 0.841429
85 0.820000
86 0.801429
87 0.815714
88 0.831429
89 0.818571
90 0.828571
91 0.814286
92 0.812857
93 0.808571
94 595.768571
95 1.075714
96 0.851429
97 0.875714
98 0.927143
99 2.045714
100 0.894286
101 0.858571
102 0.837143
103 0.815714
104 0.832857
105 0.834286
106 0.841429
107 0.868571
108 0.820000
109 0.831429
110 0.822857
111 0.807143
112 0.864286
113 0.855714
114 0.852857
115 0.828571
116 0.850000
117 0.817143
118 0.850000
119 0.835714
120 0.832857
121 0.827143
122 0.831429
123 0.842857
124 0.822857
125 0.814286
126 607.431429
127 1.038571
128 0.908571
129 0.868571
130 0.855714
131 0.842857
132 0.885714
133 0.854286
134 0.907143
135 0.871429
136 0.865714
137 0.835714
138 0.834286
139 0.907143
140 0.834286
141 0.834286
142 0.828571
143 0.828571
144 0.842857
145 0.811429
146 0.827143
147 0.827143
148 0.817143
149 0.825714
150 0.808571
151 0.870000
152 0.821429
153 0.818571
154 0.844286
155 0.810000
156 0.825714
157 0.852857
158 597.260000
159 1.080000
160 0.895714
161 0.862857
162 0.868571
163 0.850000
164 0.867143
165 0.871429
166 0.854286
167 0.844286
168 0.804286
169 0.840000
170 0.810000
171 0.842857
172 0.827143
173 0.812857
174 0.835714
175 0.820000
176 0.821429
177 0.844286
178 0.825714
179 0.835714
180 0.820000
181 0.835714
182 0.837143
183 0.864286
184 0.834286
185 0.847143
186 0.811429
187 0.811429
188 0.830000
189 0.881429
190 101.727143
191 1.000000
192 0.902857
193 579.044286
194 1.034286
195 0.855714
196 0.862857
197 0.850000
198 0.854286
199 0.861429
200 0.838571
1 223.572857
2 269.167500
3 81.603214
4 1.806429
5 1.656429
6 248.910000
7 1.896429
8 1.616786
9 1.597500
10 1.576071
11 1.576071
12 1.612500
13 1.572857
14 372.337500
15 2.120357
16 1.676786
17 1.550357
18 1.596429
19 1.623214
20 1.530000
21 1.543929
22 3.846429
23 1.623214
24 1.599643
25 1.566429
26 1.613571
27 1.553571
28 1.586786
29 1.563214
30 590.276786
31 1.942500
32 1.610357
33 1.629643
34 1.607143
35 1.616786
36 1.606071
37 1.569643
38 1.613571
39 1.549286
40 1.580357
41 1.643571
42 1.556786
43 1.540714
44 1.560000
45 1.579286
46 1.570714
47 1.556786
48 1.606071
49 1.563214
50 1.526786
51 1.556786
52 1.602857
53 1.623214
54 1.539643
55 1.533214
56 1.530000
57 1.586786
58 1.549286
59 1.540714
60 1.572857
61 1.533214
62 539.666786
63 2.013214
64 1.600714
65 1.637143
66 1.650000
67 1.717500
68 1.613571
69 1.606071
70 1.573929
71 1.639286
72 1.512857
73 1.606071
74 1.547143
75 1.539643
76 1.623214
77 1.533214
78 1.596429
79 1.550357
80 1.526786
81 1.556786
82 1.546071
83 1.560000
84 1.519286
85 1.556786
86 1.603929
87 1.576071
88 1.572857
89 1.540714
90 1.607143
91 1.569643
92 1.636071
93 1.572857
94 332.807143
95 1.953214
96 3.797143
97 1.646786
98 1.632857
99 1.590000
100 1.660714
101 1.597500
102 1.596429
103 1.572857
104 1.553571
105 1.599643
106 1.563214
107 1.586786
108 1.537500
109 1.710000
110 1.586786
111 1.520357
112 1.536429
113 1.536429
114 1.543929
115 229.350000
116 1.826786
117 1.629643
118 1.602857
119 1.686429
120 1.612500
121 1.553571
122 1.610357
123 1.684286
124 1.610357
125 1.616786
126 592.523571
127 1.932857
128 1.706786
129 1.593214
130 1.593214
131 1.680000
132 1.623214
133 1.586786
134 1.570714
135 1.620000
136 1.616786
137 1.616786
138 1.553571
139 1.560000
140 1.583571
141 1.567500
142 1.626429
143 1.560000
144 1.530000
145 1.476429
146 1.560000
147 1.540714
148 1.550357
149 1.560000
150 1.496786
151 1.620000
152 1.553571
153 1.556786
154 1.607143
155 1.593214
156 1.583571
157 1.553571
158 550.986429
159 1.902857
160 1.596429
161 1.620000
162 1.673571
163 1.607143
164 1.624286
165 1.637143
166 1.582500
167 1.570714
168 1.536429
169 1.536429
170 1.547143
171 1.523571
172 1.553571
173 1.487143
174 1.520357
175 1.580357
176 1.513929
177 1.572857
178 1.553571
179 1.506429
180 1.490357
181 1.590000
182 1.517143
183 1.590000
184 1.553571
185 1.550357
186 1.550357
187 1.509643
188 1.496786
189 1.493571
190 555.980357
191 1.899643
192 3.806786
193 1.653214
194 1.586786
195 1.636071
196 1.543929
197 1.543929
198 1.490357
199 1.482857
200 1.526786
1 211.525357
2 253.731786
3 83.164286
4 1.632143
5 1.446429
6 280.041429
7 1.776429
8 1.440000
9 1.517857
10 1.476429
11 1.425000
12 1.415714
13 1.422143
14 384.222143
15 1.682857
16 1.449286
17 1.490714
18 1.467143
19 1.415714
20 1.425000
21 1.517857
22 1.455000
23 1.380000
24 1.433571
25 1.470000
26 1.445714
27 1.440000
28 1.488571
29 1.434286
30 722.718571
31 1.865714
32 1.452143
33 1.434286
34 1.437143
35 1.455000
36 1.437143
37 1.422143
38 1.431429
39 1.415714
40 1.452143
41 1.388571
42 1.359286
43 1.397857
44 1.419286
45 1.430714
46 1.380000
47 1.389286
48 1.380000
49 1.455000
50 1.437143
51 1.437143
52 1.431429
53 1.425000
54 1.457857
55 1.437143
56 1.445714
57 1.392143
58 1.389286
59 1.434286
60 1.367857
61 1.380000
62 543.350714
63 1.767143
64 1.460714
65 1.427857
66 1.430714
67 1.452143
68 1.457857
69 1.475714
70 1.464286
71 1.436429
72 1.425000
73 1.392143
74 1.445714
75 1.380000
76 1.427857
77 1.386429
78 1.415714
79 1.395000
80 1.455000
81 1.419286
82 1.392143
83 1.386429
84 1.455000
85 1.463571
86 1.449286
87 1.440000
88 1.406429
89 1.431429
90 1.418571
91 1.367857
92 1.422143
93 1.385714
94 384.845714
95 1.806429
96 1.475714
97 1.497143
98 1.413571
99 1.446429
100 1.413571
101 1.401429
102 1.377143
103 1.425000
104 1.410000
105 1.392143
106 1.410000
107 1.436429
108 1.377143
109 1.370714
110 1.425000
111 1.382857
112 1.437143
113 1.467143
114 1.440000
115 257.687857
116 1.835714
117 1.521429
118 1.493571
119 1.482143
120 1.452143
121 1.539286
122 1.445714
123 1.449286
124 1.404286
125 1.422143
126 624.053571
127 1.697857
128 1.479286
129 1.497143
130 1.467143
131 1.449286
132 1.466429
133 1.427857
134 1.374286
135 1.481429
136 1.370714
137 1.422143
138 1.370714
139 1.427857
140 1.401429
141 1.374286
142 1.377143
143 1.395000
144 1.425000
145 1.455000
146 1.452143
147 1.371429
148 1.427857
149 1.422143
150 1.377143
151 1.442857
152 1.425000
153 1.422143
154 1.377143
155 1.377143
156 1.400714
157 1.427857
158 525.530714
159 1.779286
160 1.455000
161 1.449286
162 1.457857
163 1.434286
164 1.487857
165 1.455000
166 1.418571
167 1.433571
168 1.415714
169 1.406429
170 1.389286
171 1.410000
172 1.487857
173 1.403571
174 1.433571
175 1.433571
176 1.428571
177 1.377143
178 1.431429
179 1.427857
180 1.389286
181 1.425000
182 1.412857
183 1.397857
184 1.437143
185 1.392143
186 1.397857
187 1.421429
188 1.415714
189 1.410000
190 557.460000
191 1.721429
192 1.479286
193 1.472857
194 1.434286
195 1.449286
196 1.467143
197 1.406429
198 1.425000
199 1.440000
200 1.415714
1 12484.085714
2 371.422500
3 88.260714
4 1.547500
5 1.355000
6 332.782500
7 1.560000
8 1.345000
9 1.360000
10 1.400000
11 1.452500
12 1.307500
13 1.300000
14 733.205000
15 1.597500
16 1.285000
17 1.325000
18 1.385000
19 1.315000
20 1.265000
21 1.295000
22 1.272500
23 1.317500
24 1.272500
25 1.317500
26 1.277500
27 1.255000
28 1.330000
29 1.342500
30 2146.530000
31 1.610000
32 1.302500
33 1.370000
34 1.312500
35 1.345000
36 1.415000
37 1.362500
38 1.352500
39 1.325000
40 1.347500
41 1.347500
42 1.340000
43 1.332500
44 1.330000
45 1.355000
46 1.315000
47 1.320000
48 1.307500
49 1.330000
50 1.307500
51 1.285000
52 1.317500
53 1.310000
54 1.302500
55 1.327500
56 1.302500
57 1.287500
58 1.307500
59 1.295000
60 1.287500
61 1.320000
62 2059.822500
63 1.585000
64 1.367500
65 1.322500
66 1.335000
67 1.347500
68 1.317500
69 1.350000
70 1.335000
71 1.332500
72 1.275000
73 1.282500
74 1.262500
75 1.260000
76 1.265000
77 1.317500
78 1.265000
79 1.307500
80 1.307500
81 1.260000
82 1.300000
83 1.277500
84 1.287500
85 1.285000
86 1.260000
87 1.280000
88 1.287500
89 1.260000
90 1.340000
91 1.300000
92 1.295000
93 1.272500
94 3368.265000
95 1.907500
96 1.460000
97 1.337500
98 1.320000
99 1.332500
100 1.337500
101 1.335000
102 1.315000
103 1.297500
104 1.310000
105 1.340000
106 1.295000
107 1.282500
108 1.285000
109 1.340000
110 1.335000
111 1.330000
112 1.345000
113 1.287500
114 1.280000
115 1.327500
116 1.320000
117 1.280000
118 1.312500
119 1.302500
120 1.272500
121 1.305000
122 1.265000
123 1.305000
124 1.302500
125 1.322500
126 2014.280000
127 1.647500
128 1.377500
129 1.407500
130 1.340000
131 1.315000
132 1.325000
133 1.375000
134 1.315000
135 1.297500
136 1.305000
137 1.320000
138 1.367500
139 1.367500
140 1.360000
141 1.362500
142 1.355000
143 1.287500
144 1.282500
145 1.320000
146 1.360000
147 1.312500
148 1.325000
149 1.337500
150 1.282500
151 1.340000
152 1.305000
153 1.307500
154 1.282500
155 1.320000
156 1.320000
157 1.287500
158 2687.235000
159 1.797500
160 1.347500
161 1.385000
162 3.167500
163 1.342500
164 1.327500
165 1.367500
166 1.322500
167 1.315000
168 1.332500
169 1.287500
170 1.310000
171 1.312500
172 1.300000
173 1.272500
174 1.345000
175 1.287500
176 1.380000
177 1.337500
178 1.325000
179 1.277500
180 1.325000
181 1.307500
182 1.280000
183 1.277500
184 1.290000
185 1.292500
186 1.287500
187 1.290000
188 1.280000
189 1.270000
190 51.430000
191 1.625000
192 1.342500
193 1507.920000
194 1.700000
195 1.285000
196 1.330000
197 1.332500
198 1.337500
199 1.342500
200 1.280000
1 187.253214
2 251.155357
3 80.946786
4 1.435000
5 1.307500
6 283.152500
7 1.582500
8 1.375000
9 1.375000
10 1.332500
11 1.290000
12 1.282500
13 1.372500
14 476.125000
15 1.592500
16 1.312500
17 1.337500
18 1.317500
19 1.325000
20 1.332500
21 1.310000
22 1.335000
23 1.312500
24 1.367500
25 1.250000
26 1.277500
27 1.392500
28 1.265000
29 1.327500
30 616.300000
31 1.545000
32 1.317500
33 1.315000
34 1.340000
35 1.237500
36 1.345000
37 1.277500
38 1.252500
39 1.345000
40 1.295000
41 1.240000
42 1.260000
43 1.302500
44 1.290000
45 1.240000
46 1.267500
47 1.317500
48 1.265000
49 1.267500
50 1.247500
51 1.250000
52 1.250000
53 1.322500
54 1.252500
55 1.285000
56 1.277500
57 1.285000
58 1.270000
59 1.275000
60 1.287500
61 1.247500
62 566.080000
63 1.657500
64 1.320000
65 1.292500
66 1.335000
67 1.392500
68 1.327500
69 1.305000
70 1.317500
71 1.257500
72 1.312500
73 1.272500
74 1.282500
75 1.250000
76 1.280000
77 1.302500
78 1.292500
79 1.255000
80 1.277500
81 1.277500
82 1.325000
83 1.282500
84 1.292500
85 1.277500
86 1.285000
87 1.302500
88 1.282500
89 1.330000
90 1.297500
91 1.235000
92 1.265000
93 1.270000
94 354.750000
95 1.575000
96 1.272500
97 1.307500
98 1.322500
99 1.277500
100 1.342500
101 1.287500
102 1.435000
103 1.290000
104 1.232500
105 1.262500
106 1.245000
107 1.390000
108 1.295000
109 1.262500
110 1.272500
111 1.350000
112 1.290000
113 1.312500
114 1.280000
115 237.790000
116 1.677500
117 1.320000
118 1.297500
119 1.280000
120 1.307500
121 1.307500
122 1.312500
123 1.305000
124 1.302500
125 1.247500
126 611.262500
127 1.625000
128 1.307500
129 1.427500
130 1.310000
131 1.277500
132 1.290000
133 1.382500
134 1.322500
135 1.315000
136 1.290000
137 1.307500
138 1.282500
139 1.312500
140 1.242500
141 1.327500
142 1.380000
143 1.295000
144 1.357500
145 1.292500
146 1.302500
147 1.277500
148 1.277500
149 1.242500
150 1.272500
151 1.265000
152 1.247500
153 1.287500
154 1.252500
155 1.312500
156 1.272500
157 1.287500
158 568.917500
159 1.520000
160 1.405000
161 1.285000
162 1.287500
163 1.330000
164 1.315000
165 1.327500
166 1.302500
167 1.342500
168 1.310000
169 1.287500
170 1.255000
171 1.292500
172 1.275000
173 1.332500
174 1.320000
175 1.307500
176 1.295000
177 1.325000
178 1.267500
179 1.307500
180 1.320000
181 1.270000
182 1.275000
183 1.302500
184 1.300000
185 1.272500
186 1.272500
187 1.277500
188 1.312500
189 1.250000
190 589.027500
191 1.620000
192 1.330000
193 1.327500
194 1.342500
195 1.312500
196 1.332500
197 1.320000
198 1.280000
199 1.342500
200 1.300000
1 222.503571
2 274.100357
3 81.363214
4 1.722857
5 1.680000
6 248.027143
7 1.890000
8 1.610357
9 1.552500
10 1.593214
11 1.566429
12 1.569643
13 1.530000
14 386.003571
15 1.886786
16 1.686429
17 1.569643
18 1.586786
19 1.496786
20 1.566429
21 1.606071
22 1.632857
23 1.546071
24 1.683214
25 1.580357
26 1.586786
27 1.706786
28 1.576071
29 1.646786
30 615.790714
31 1.942500
32 1.650000
33 1.727143
34 1.626429
35 1.607143
36 1.583571
37 1.590000
38 1.519286
39 1.676786
40 1.553571
41 1.616786
42 1.602857
43 1.680000
44 1.623214
45 1.594286
46 1.616786
47 1.583571
48 1.576071
49 1.560000
50 1.530000
51 1.553571
52 1.503214
53 1.620000
54 1.539643
55 1.490357
56 1.563214
57 1.517143
58 1.552500
59 1.580357
60 1.540714
61 1.569643
62 530.193214
63 1.839643
64 1.636071
65 1.612500
66 1.706786
67 1.577143
68 1.629643
69 1.637143
70 1.632857
71 1.582500
72 1.629643
73 1.600714
74 1.550357
75 1.640357
76 1.566429
77 1.546071
78 1.572857
79 1.572857
80 1.540714
81 1.610357
82 1.560000
83 1.576071
84 1.620000
85 1.550357
86 1.623214
87 1.540714
88 1.683214
89 1.572857
90 1.547143
91 1.596429
92 1.585714
93 1.526786
94 535.182857
95 1.846071
96 1.610357
97 1.666071
98 1.616786
99 1.550357
100 1.586786
101 1.570714
102 1.713214
103 1.602857
104 1.590000
105 1.607143
106 1.602857
107 1.579286
108 1.550357
109 1.632857
110 1.560000
111 1.547143
112 1.576071
113 1.510714
114 1.570714
115 1.523571
116 1.553571
117 1.556786
118 1.620000
119 1.530000
120 1.569643
121 1.533214
122 1.526786
123 1.539643
124 1.509643
125 1.553571
126 586.896429
127 1.913571
128 1.690714
129 1.656429
130 1.593214
131 1.580357
132 1.566429
133 1.546071
134 1.563214
135 1.550357
136 1.593214
137 1.487143
138 1.553571
139 1.542857
140 1.506429
141 1.483929
142 1.553571
143 1.539643
144 1.543929
145 1.547143
146 1.556786
147 1.533214
148 1.522500
149 1.547143
150 1.533214
151 1.510714
152 1.509643
153 1.520357
154 1.530000
155 1.650000
156 1.543929
157 1.616786
158 508.487143
159 1.926429
160 1.623214
161 1.616786
162 1.636071
163 1.580357
164 1.743214
165 1.607143
166 1.572857
167 1.566429
168 1.517143
169 1.487143
170 1.523571
171 1.493571
172 1.520357
173 1.526786
174 1.496786
175 1.596429
176 1.489286
177 1.507500
178 1.509643
179 1.572857
180 1.519286
181 79.359643
182 1.819286
183 1.602857
184 1.606071
185 1.580357
186 1.550357
187 1.623214
188 1.637143
189 1.540714
190 60.402857
191 1.787143
192 1.602857
193 519.633214
194 1.973571
195 3.800357
196 1.627500
197 1.702500
198 1.590000
199 1.580357
200 1.567500
1 208.053214
2 276.835714
3 82.013571
4 1.740000
5 1.620000
6 303.786429
7 1.916786
8 1.563214
9 1.613571
10 3.840000
11 1.623214
12 1.550357
13 1.520357
14 353.143929
15 0.716786
16 0.590357
17 0.594643
18 0.594643
19 0.578571
20 0.587143
21 0.552857
22 0.573214
23 0.564643
24 0.577500
25 0.551786
26 0.571071
27 0.585000
28 0.573214
29 0.583929
30 633.161786
31 1.987500
32 1.699286
33 1.636071
34 1.566429
35 1.596429
36 1.590000
37 1.563214
38 0.617143
39 0.623571
40 0.567857
41 0.574286
42 0.561429
43 0.594643
44 0.564643
45 0.580714
46 0.583929
47 0.574286
48 0.547500
49 0.566786
50 0.558214
51 0.559286
52 0.566786
53 0.565714
54 0.591429
55 0.606429
56 0.577500
57 0.558214
58 0.558214
59 0.575357
60 0.625714
61 0.598929
62 607.761429
63 1.247143
64 1.099286
65 1.035000
66 1.028571
67 1.054286
68 1.056429
69 1.039286
70 0.998571
71 1.075714
72 1.017857
73 1.005000
74 1.002857
75 1.009286
76 0.992143
77 1.015714
78 1.099286
79 1.084286
80 1.030714
81 1.026429
82 1.000714
83 0.998571
84 1.099286
85 1.000714
86 1.005000
87 0.992143
88 0.987857
89 1.009286
90 1.011429
91 1.015714
92 0.985714
93 1.009286
94 408.319286
95 1.287857
96 1.050000
97 1.045714
98 1.011429
99 1.110000
100 1.013571
101 1.015714
102 1.032857
103 1.009286
104 0.998571
105 0.996429
106 1.000714
107 0.979286
108 0.996429
109 1.015714
110 1.058571
111 1.011429
112 1.013571
113 0.983571
114 0.983571
115 289.051071
116 1.262143
117 1.039286
118 1.037143
119 1.039286
120 1.041429
121 1.047857
122 1.080000
123 1.052143
124 0.998571
125 0.981429
126 633.977143
127 1.230000
128 1.054286
129 1.045714
130 1.015714
131 1.026429
132 1.005000
133 1.047857
134 1.026429
135 0.972857
136 1.041429
137 0.998571
138 0.979286
139 0.981429
140 1.015714
141 1.047857
142 0.996429
143 1.002857
144 1.002857
145 1.017857
146 0.979286
147 1.015714
148 0.975000
149 0.975000
150 0.983571
151 0.977143
152 1.071429
153 1.020000
154 1.017857
155 1.017857
156 0.977143
157 0.998571
158 551.618571
159 1.208571
160 1.020000
161 1.035000
162 1.045714
163 1.026429
164 1.022143
165 1.009286
166 1.035000
167 1.011429
168 0.983571
169 0.987857
170 1.065000
171 0.983571
172 1.056429
173 1.011429
174 1.028571
175 1.028571
176 0.994286
177 0.994286
178 1.005000
179 0.992143
180 0.975000
181 0.994286
182 0.994286
183 1.028571
184 0.996429
185 0.990000
186 0.983571
187 1.020000
188 1.009286
189 1.026429
190 549.083571
191 1.262143
192 1.101429
193 1.047857
194 1.032857
195 1.047857
196 1.032857
197 0.994286
198 1.045714
199 1.028571
200 1.015714
1 229.650000
2 275.726786
3 82.073571
4 1.793571
5 1.670357
6 261.462857
7 1.759286
8 1.610357
9 1.675714
10 1.573929
11 1.599643
12 1.563214
13 1.556786
14 394.787143
15 1.936071
16 1.606071
17 1.629643
18 1.620000
19 1.713214
20 1.606071
21 1.560000
22 1.607143
23 1.636071
24 1.610357
25 1.547143
26 1.583571
27 1.643571
28 1.653214
29 1.654286
30 600.600000
31 1.996071
32 1.632857
33 1.632857
34 1.569643
35 1.593214
36 1.607143
37 1.630714
38 1.550357
39 1.613571
40 1.563214
41 1.603929
42 1.560000
43 1.526786
44 1.563214
45 1.520357
46 1.563214
47 1.520357
48 1.540714
49 1.590000
50 1.539643
51 1.566429
52 1.517143
53 1.542857
54 1.629643
55 1.513929
56 1.560000
57 1.550357
58 1.520357
59 1.513929
60 1.636071
61 1.517143
62 535.536429
63 1.864286
64 1.613571
65 1.630714
66 1.552500
67 1.602857
68 1.593214
69 1.629643
70 1.613571
71 1.533214
72 1.563214
73 1.586786
74 1.560000
75 1.560000
76 1.567500
77 1.567500
78 1.523571
79 1.583571
80 1.523571
81 1.540714
82 1.534286
83 1.536429
84 1.560000
85 1.556786
86 1.519286
87 1.577143
88 1.613571
89 1.569643
90 1.533214
91 1.583571
92 1.593214
93 1.583571
94 335.576786
95 1.766786
96 1.616786
97 1.620000
98 1.632857
99 1.586786
100 1.636071
101 1.560000
102 1.640357
103 1.539643
104 1.566429
105 1.530000
106 1.577143
107 1.560000
108 1.553571
109 1.533214
110 1.643571
111 1.629643
112 1.570714
113 1.530000
114 1.513929
115 219.686786
116 1.817143
117 1.656429
118 1.599643
119 1.569643
120 1.563214
121 1.577143
122 1.549286
123 1.610357
124 1.616786
125 1.620000
126 606.613929
127 1.839643
128 1.626429
129 1.590000
130 1.613571
131 1.626429
132 1.579286
133 1.579286
134 1.536429
135 1.556786
136 1.503214
137 1.542857
138 1.656429
139 1.607143
140 1.560000
141 1.550357
142 1.583571
143 1.520357
144 1.640357
145 1.564286
146 1.560000
147 1.517143
148 1.556786
149 1.530000
150 1.596429
151 1.563214
152 1.533214
153 1.560000
154 1.495714
155 1.570714
156 1.540714
157 1.546071
158 544.243929
159 1.853571
160 1.610357
161 1.556786
162 1.596429
163 1.609286
164 1.590000
165 1.566429
166 1.590000
167 1.606071
168 1.586786
169 1.630714
170 1.596429
171 1.546071
172 1.550357
173 1.555714
174 1.633929
175 1.530000
176 1.560000
177 1.576071
178 1.596429
179 1.509643
180 1.512857
181 1.510714
182 1.556786
183 1.600714
184 1.564286
185 1.583571
186 1.547143
187 1.530000
188 1.533214
189 1.563214
190 542.220000
191 1.876071
192 1.656429
193 1.602857
194 1.553571
195 1.563214
196 1.593214
197 1.599643
198 1.607143
199 1.612500
200 1.602857
