  1 432.172500
  2 461.196429
  3 38.173929
  4 2.086071
  5 1.936071
  6 524.229643
  7 2.183571
  8 4.293214
  9 2.000357
 10 1.983214
 11 1.863214
 12 1.909286
 13 1.866429
 14 393.931071
 15 2.390357
 16 1.956429
 17 1.916786
 18 1.860000
 19 1.860000
 20 1.800000
 21 1.823571
 22 1.863214
 23 1.943571
 24 2.036786
 25 1.920000
 26 2.049643
 27 1.956429
 28 1.916786
 29 1.800000
 30 598.353214
 31 2.363571
 32 2.057143
 33 1.999286
 34 1.786071
 35 1.869643
 36 1.932857
 37 1.876071
 38 1.873929
 39 1.873929
 40 1.820357
 41 1.869643
 42 1.770000
 43 1.909286
 44 1.849286
 45 1.809643
 46 1.843929
 47 1.856786
 48 1.819286
 49 1.856786
 50 1.850357
 51 1.823571
 52 1.833214
 53 1.790357
 54 1.809643
 55 1.807500
 56 1.740000
 57 1.823571
 58 1.826786
 59 1.830000
 60 1.743214
 61 1.753929
 62 520.202143
 63 2.390357
 64 1.882500
 65 1.872857
 66 1.856786
 67 1.959643
 68 1.766786
 69 1.877143
 70 1.783929
 71 1.779643
 72 1.700357
 73 1.873929
 74 1.795714
 75 1.836429
 76 1.843929
 77 1.886786
 78 1.872857
 79 1.896429
 80 1.826786
 81 1.900714
 82 1.873929
 83 1.863214
 84 1.876071
 85 1.913571
 86 1.902857
 87 1.830000
 88 1.830000
 89 1.833214
 90 1.813929
 91 1.843929
 92 1.846071
 93 1.782857
 94 534.803571
 95 2.619643
 96 1.929643
 97 1.933929
 98 1.950000
 99 1.876071
100 1.916786
101 1.830000
102 1.916786
103 1.893214
104 1.820357
105 1.893214
106 1.937143
107 1.863214
108 1.813929
109 1.907143
110 1.877143
111 1.870714
112 1.826786
113 1.856786
114 1.823571
115 1.836429
116 1.826786
117 1.830000
118 1.923214
119 1.893214
120 1.839643
121 1.752857
122 1.930714
123 1.740000
124 1.833214
125 1.839643
126 684.783214
127 2.559643
128 1.926429
129 1.970357
130 1.869643
131 1.913571
132 1.863214
133 1.880357
134 1.763571
135 1.719643
136 1.795714
137 1.836429
138 1.836429
139 1.727143
140 1.803214
141 1.706786
142 4.042500
143 1.883571
144 1.853571
145 1.830000
146 1.823571
147 1.757143
148 1.770000
149 1.773214
150 1.736786
151 1.870714
152 1.866429
153 1.826786
154 1.853571
155 1.809643
156 1.830000
157 1.787143
158 511.483929
159 2.526429
160 1.907143
161 1.950000
162 1.836429
163 1.943571
164 1.823571
165 1.842857
166 1.843929
167 1.886786
168 1.866429
169 1.836429
170 1.823571
171 1.833214
172 1.833214
173 1.787143
174 1.850357
175 1.873929
176 1.879286
177 1.866429
178 1.869643
179 1.882500
180 1.792500
181 1.873929
182 1.743214
183 1.746429
184 1.710000
185 1.730357
186 1.817143
187 1.686429
188 1.842857
189 1.850357
190 532.166786
191 2.433214
192 1.867500
193 1.953214
194 1.872857
195 1.890000
196 1.916786
197 1.849286
198 1.896429
199 1.899643
200 1.766786
