  1 404.456786
  2 458.297143
  3 38.993571
  4 2.006786
  5 1.872857
  6 627.516429
  7 2.370000
  8 10.119643
  9 6.690000
 10 6.232500
 11 1.813929
 12 1.807500
 13 1.820357
 14 383.006786
 15 2.403214
 16 1.837500
 17 1.779643
 18 1.722857
 19 1.736786
 20 1.683214
 21 1.746429
 22 1.749643
 23 10.620000
 24 6.979286
 25 6.353571
 26 6.326786
 27 6.190714
 28 6.273214
 29 6.236786
 30 581.886429
 31 7.926429
 32 6.707143
 33 6.730714
 34 6.573214
 35 1.980000
 36 1.796786
 37 1.793571
 38 7.029643
 39 6.620357
 40 6.609643
 41 1.906071
 42 1.830000
 43 6.510000
 44 1.817143
 45 1.673571
 46 1.899643
 47 1.680000
 48 1.792500
 49 1.770000
 50 1.809643
 51 1.722857
 52 1.723929
 53 1.733571
 54 1.727143
 55 1.653214
 56 1.660714
 57 1.727143
 58 1.777500
 59 1.806429
 60 1.720714
 61 1.727143
 62 454.066071
 63 2.202857
 64 1.786071
 65 1.733571
 66 1.757143
 67 1.813929
 68 1.803214
 69 1.703571
 70 1.690714
 71 1.706786
 72 1.730357
 73 1.630714
 74 1.633929
 75 1.680000
 76 1.680000
 77 1.666071
 78 1.653214
 79 1.653214
 80 1.744286
 81 1.729286
 82 1.626429
 83 1.743214
 84 1.693929
 85 1.650000
 86 1.633929
 87 1.633929
 88 1.620000
 89 1.620000
 90 1.782857
 91 1.729286
 92 1.733571
 93 1.852500
 94 880.456071
 95 2.472857
 96 1.837500
 97 1.986429
 98 1.793571
 99 1.866429
100 1.753929
101 1.722857
102 1.773214
103 1.757143
104 1.839643
105 1.760357
106 1.736786
107 1.673571
108 1.765714
109 1.782857
110 1.719643
111 1.730357
112 1.623214
113 1.780714
114 1.736786
115 1.654286
116 1.720714
117 1.633929
118 1.793571
119 1.779643
120 1.800000
121 1.795714
122 1.893214
123 1.757143
124 1.744286
125 1.736786
126 545.467500
127 2.490000
128 1.819286
129 1.853571
130 1.680000
131 1.833214
132 1.759286
133 1.796786
134 1.823571
135 1.852500
136 1.790357
137 1.747500
138 1.699286
139 1.756071
140 1.864286
141 1.743214
142 1.790357
143 1.747500
144 1.630714
145 1.653214
146 1.726071
147 1.729286
148 1.667143
149 1.633929
150 1.736786
151 1.749643
152 1.630714
153 1.743214
154 1.720714
155 1.727143
156 1.909286
157 1.796786
158 556.740000
159 2.425714
160 1.826786
161 1.699286
162 1.873929
163 1.740000
164 1.753929
165 1.702500
166 1.823571
167 1.626429
168 1.653214
169 1.753929
170 1.732500
171 1.637143
172 1.716429
173 1.633929
174 1.733571
175 1.743214
176 1.680000
177 1.636071
178 1.643571
179 1.726071
180 1.627500
181 1.719643
182 1.710000
183 1.706786
184 1.624286
185 1.646786
186 1.693929
187 1.613571
188 1.736786
189 1.639286
190 570.420000
191 2.349643
192 1.736786
193 1.846071
194 1.673571
195 1.693929
196 1.786071
197 1.782857
198 1.826786
199 1.766786
200 1.629643
