  1 451.226786
  2 489.026786
  3 37.696071
  4 2.220000
  5 1.823571
  6 556.486071
  7 2.237143
  8 1.817143
  9 1.812857
 10 1.836429
 11 1.870714
 12 1.763571
 13 1.779643
 14 425.139643
 15 2.347500
 16 1.837500
 17 1.820357
 18 1.803214
 19 1.793571
 20 1.793571
 21 1.803214
 22 1.973571
 23 1.746429
 24 1.946786
 25 1.850357
 26 1.990714
 27 1.856786
 28 1.680000
 29 1.756071
 30 649.903929
 31 2.140714
 32 1.807500
 33 1.833214
 34 1.853571
 35 1.740000
 36 1.817143
 37 1.720714
 38 1.763571
 39 1.752857
 40 1.773214
 41 1.849286
 42 1.776429
 43 1.770000
 44 1.793571
 45 1.752857
 46 1.713214
 47 1.650000
 48 1.643571
 49 1.716429
 50 1.659643
 51 1.659643
 52 1.719643
 53 1.650000
 54 1.654286
 55 1.636071
 56 1.616786
 57 2.016429
 58 1.760357
 59 1.727143
 60 1.683214
 61 1.657500
 62 479.250000
 63 2.269286
 64 1.916786
 65 1.743214
 66 1.816071
 67 1.850357
 68 1.816071
 69 1.853571
 70 1.825714
 71 1.860000
 72 1.856786
 73 1.809643
 74 1.787143
 75 1.689643
 76 1.780714
 77 1.795714
 78 1.852500
 79 1.766786
 80 1.800000
 81 1.789286
 82 1.872857
 83 1.823571
 84 142.176429
 85 2.377500
 86 1.730357
 87 1.780714
 88 1.787143
 89 1.706786
 90 1.787143
 91 1.743214
 92 1.750714
 93 1.726071
 94 677.523214
 95 2.353929
 96 1.766786
 97 1.959643
 98 1.825714
 99 1.787143
100 1.777500
101 1.806429
102 1.673571
103 1.643571
104 1.646786
105 1.757143
106 1.726071
107 1.670357
108 1.650000
109 1.699286
110 1.722857
111 1.743214
112 1.722857
113 1.656429
114 1.632857
115 1.719643
116 1.626429
117 1.722857
118 1.639286
119 1.699286
120 1.733571
121 1.716429
122 1.626429
123 1.747500
124 1.716429
125 1.730357
126 482.980714
127 2.357143
128 1.773214
129 1.853571
130 1.736786
131 1.840714
132 1.842857
133 1.790357
134 1.749643
135 1.703571
136 1.726071
137 1.746429
138 1.820357
139 1.730357
140 1.820357
141 1.743214
142 1.743214
143 1.740000
144 1.752857
145 1.650000
146 1.666071
147 1.653214
148 1.770000
149 1.760357
150 1.646786
151 1.650000
152 1.803214
153 1.710000
154 1.789286
155 1.746429
156 1.756071
157 1.770000
158 510.219643
159 2.440714
160 1.786071
161 1.763571
162 1.803214
163 1.757143
164 1.763571
165 1.883571
166 1.833214
167 1.713214
168 1.646786
169 1.667143
170 1.692857
171 1.686429
172 1.760357
173 1.779643
174 1.782857
175 1.716429
176 1.703571
177 1.632857
178 1.727143
179 1.663929
180 1.760357
181 1.690714
182 1.753929
183 1.773214
184 1.689643
185 1.950000
186 1.910357
187 1.873929
188 1.717500
189 1.752857
190 542.326071
191 2.450357
192 1.970357
193 1.787143
194 1.942500
195 1.800000
196 1.809643
197 1.763571
198 1.803214
199 1.867500
200 1.809643
