  1 2810.019286
  2 653.151429
  3 48.110357
  4 2.420357
  5 2.074286
  6 861.033214
  7 2.532857
  8 2.076429
  9 1.864286
 10 1.850357
 11 1.880357
 12 1.856786
 13 1.759286
 14 1158.105000
 15 2.673214
 16 1.863214
 17 1.736786
 18 1.840714
 19 1.856786
 20 1.773214
 21 1.812857
 22 1.790357
 23 1.760357
 24 1.836429
 25 1.732500
 26 1.903929
 27 1.825714
 28 1.842857
 29 1.826786
 30 2361.979286
 31 2.433214
 32 1.860000
 33 1.743214
 34 1.730357
 35 1.823571
 36 1.840714
 37 1.836429
 38 1.907143
 39 1.833214
 40 1.749643
 41 1.842857
 42 1.812857
 43 1.774286
 44 1.852500
 45 1.779643
 46 1.820357
 47 1.863214
 48 1.872857
 49 1.795714
 50 1.886786
 51 1.710000
 52 1.830000
 53 1.804286
 54 1.863214
 55 1.817143
 56 1.926429
 57 1.746429
 58 1.770000
 59 1.686429
 60 1.786071
 61 1.756071
 62 2247.080357
 63 2.507143
 64 1.996071
 65 1.916786
 66 1.793571
 67 1.843929
 68 1.882500
 69 1.779643
 70 1.703571
 71 1.806429
 72 1.686429
 73 1.716429
 74 1.673571
 75 1.676786
 76 1.803214
 77 1.680000
 78 1.793571
 79 1.697143
 80 1.680000
 81 1.663929
 82 1.733571
 83 1.782857
 84 1.650000
 85 1.733571
 86 1.692857
 87 1.736786
 88 1.653214
 89 1.720714
 90 1.626429
 91 1.783929
 92 1.780714
 93 1.757143
 94 2236.445357
 95 2.493214
 96 1.912500
 97 1.886786
 98 1.932857
 99 1.992857
100 1.890000
101 1.800000
102 1.770000
103 1.746429
104 1.826786
105 1.782857
106 1.716429
107 1.800000
108 1.736786
109 1.787143
110 1.659643
111 1.743214
112 1.750714
113 1.722857
114 1.826786
115 1.727143
116 1.720714
117 1.650000
118 1.643571
119 1.736786
120 1.610357
121 1.713214
122 1.632857
123 1.702500
124 1.782857
125 1.826786
126 2365.095000
127 2.550000
128 2.006786
129 1.820357
130 1.803214
131 1.817143
132 1.697143
133 1.864286
134 1.872857
135 1.770000
136 1.782857
137 1.746429
138 1.782857
139 1.766786
140 1.863214
141 1.702500
142 1.716429
143 1.839643
144 1.885714
145 1.817143
146 1.840714
147 1.800000
148 1.826786
149 1.782857
150 1.733571
151 1.759286
152 1.760357
153 1.727143
154 1.793571
155 1.779643
156 1.790357
157 1.740000
158 3544.171071
159 2.516786
160 1.852500
161 1.740000
162 1.849286
163 1.943571
164 1.843929
165 1.800000
166 1.773214
167 1.820357
168 1.876071
169 1.810714
170 1.747500
171 1.773214
172 1.753929
173 1.752857
174 1.736786
175 1.796786
176 1.717500
177 1.803214
178 1.973571
179 1.843929
180 1.830000
181 1.796786
182 1.847143
183 1.840714
184 1.776429
185 1.830000
186 1.790357
187 1.823571
188 1.997143
189 1.700357
190 2262.992143
191 2.557500
192 1.950000
193 1.733571
194 1.856786
195 1.800000
196 1.842857
197 1.782857
198 1.676786
199 1.817143
200 1.756071
