  1 436.970357
  2 468.980357
  3 38.820000
  4 2.040000
  5 1.833214
  6 551.059286
  7 2.389286
  8 1.896429
  9 1.915714
 10 1.937143
 11 1.752857
 12 1.890000
 13 1.740000
 14 389.753571
 15 2.442857
 16 1.803214
 17 1.913571
 18 1.916786
 19 1.893214
 20 1.893214
 21 1.909286
 22 1.847143
 23 1.880357
 24 1.906071
 25 1.792500
 26 1.836429
 27 1.869643
 28 1.870714
 29 1.836429
 30 687.456429
 31 2.513571
 32 1.927500
 33 2.040000
 34 1.963929
 35 1.910357
 36 1.956429
 37 1.963929
 38 1.970357
 39 1.783929
 40 1.867500
 41 1.863214
 42 1.893214
 43 1.733571
 44 1.855714
 45 1.833214
 46 1.860000
 47 1.940357
 48 1.890000
 49 1.893214
 50 1.856786
 51 1.809643
 52 1.953214
 53 1.867500
 54 1.880357
 55 1.850357
 56 1.896429
 57 1.910357
 58 1.796786
 59 1.852500
 60 1.883571
 61 1.752857
 62 539.512500
 63 2.403214
 64 1.927500
 65 1.840714
 66 1.830000
 67 1.860000
 68 1.863214
 69 1.800000
 70 1.817143
 71 1.786071
 72 1.800000
 73 1.736786
 74 1.813929
 75 1.706786
 76 1.800000
 77 1.716429
 78 1.782857
 79 1.776429
 80 1.740000
 81 1.766786
 82 1.733571
 83 1.776429
 84 1.763571
 85 1.753929
 86 1.636071
 87 1.763571
 88 1.932857
 89 1.823571
 90 1.773214
 91 1.746429
 92 1.763571
 93 1.872857
 94 548.982857
 95 2.420357
 96 2.003571
 97 1.940357
 98 1.776429
 99 1.846071
100 1.823571
101 1.796786
102 1.840714
103 1.732500
104 1.736786
105 1.716429
106 1.780714
107 1.759286
108 1.836429
109 1.796786
110 1.735714
111 1.743214
112 1.750714
113 1.629643
114 1.790357
115 1.796786
116 1.763571
117 1.800000
118 1.773214
119 1.782857
120 1.749643
121 1.776429
122 1.782857
123 1.770000
124 1.763571
125 1.736786
126 789.178929
127 2.363571
128 1.946786
129 1.749643
130 1.816071
131 1.735714
132 1.833214
133 1.966071
134 1.899643
135 1.816071
136 1.863214
137 1.806429
138 1.820357
139 1.752857
140 1.873929
141 1.853571
142 1.796786
143 1.847143
144 1.839643
145 1.806429
146 1.789286
147 1.757143
148 1.733571
149 1.780714
150 1.787143
151 1.770000
152 1.806429
153 1.675714
154 1.819286
155 1.670357
156 1.763571
157 1.809643
158 458.713929
159 2.396786
160 1.953214
161 1.840714
162 1.839643
163 1.956429
164 1.872857
165 1.719643
166 1.803214
167 1.770000
168 1.782857
169 1.806429
170 1.750714
171 1.787143
172 1.756071
173 1.683214
174 1.696071
175 1.689643
176 1.776429
177 1.700357
178 1.990714
179 1.796786
180 1.749643
181 1.853571
182 1.770000
183 1.836429
184 1.830000
185 1.816071
186 1.795714
187 1.792500
188 1.819286
189 1.849286
190 553.074643
191 2.336786
192 2.066786
193 2.030357
194 1.880357
195 1.896429
196 1.820357
197 1.879286
198 1.803214
199 1.800000
200 1.746429
