  1 220.085357
  2 268.422857
  3 79.966071
  4 1.354286
  5 1.112143
  6 296.925000
  7 1.320000
  8 1.238571
  9 1.144286
 10 1.110000
 11 1.193571
 12 1.234286
 13 1.230000
 14 355.137857
 15 1.255714
 16 1.107857
 17 1.103571
 18 1.095000
 19 1.054286
 20 1.090714
 21 1.075714
 22 1.060714
 23 1.084286
 24 1.050000
 25 1.075714
 26 1.047857
 27 1.352143
 28 1.086429
 29 1.062857
 30 583.917857
 31 1.277143
 32 1.142143
 33 1.125000
 34 1.080000
 35 1.073571
 36 1.082143
 37 1.097143
 38 1.077857
 39 1.101429
 40 1.060714
 41 1.062857
 42 1.043571
 43 1.043571
 44 1.056429
 45 1.041429
 46 1.054286
 47 1.065000
 48 1.067143
 49 1.080000
 50 1.030714
 51 1.032857
 52 1.069286
 53 1.082143
 54 1.041429
 55 1.037143
 56 1.052143
 57 1.069286
 58 1.035000
 59 1.022143
 60 1.039286
 61 1.050000
 62 568.142143
 63 1.296429
 64 1.084286
 65 1.107857
 66 1.077857
 67 1.077857
 68 1.090714
 69 1.039286
 70 1.047857
 71 1.022143
 72 1.045714
 73 1.039286
 74 1.028571
 75 1.045714
 76 1.022143
 77 1.050000
 78 1.041429
 79 1.045714
 80 1.028571
 81 1.058571
 82 1.045714
 83 1.041429
 84 1.058571
 85 1.026429
 86 1.047857
 87 1.037143
 88 1.045714
 89 1.060714
 90 1.035000
 91 1.037143
 92 1.043571
 93 1.047857
 94 574.448571
 95 1.292143
 96 1.075714
 97 1.082143
 98 1.103571
 99 1.065000
100 1.090714
101 1.071429
102 1.067143
103 1.080000
104 1.030714
105 1.073571
106 1.032857
107 1.035000
108 1.017857
109 1.041429
110 1.052143
111 1.037143
112 1.028571
113 1.037143
114 1.022143
115 1.071429
116 1.054286
117 1.050000
118 1.045714
119 1.054286
120 1.043571
121 1.058571
122 1.043571
123 1.045714
124 1.022143
125 1.067143
126 576.450000
127 1.290000
128 1.099286
129 1.084286
130 1.077857
131 1.069286
132 1.047857
133 1.067143
134 1.101429
135 1.043571
136 1.067143
137 1.026429
138 1.022143
139 1.058571
140 1.037143
141 1.035000
142 1.039286
143 1.050000
144 1.043571
145 1.065000
146 1.032857
147 1.032857
148 1.041429
149 1.026429
150 1.045714
151 1.030714
152 1.009286
153 1.050000
154 1.032857
155 1.041429
156 1.041429
157 1.030714
158 584.160000
159 1.324286
160 1.114286
161 1.088571
162 1.077857
163 1.075714
164 1.056429
165 1.084286
166 1.071429
167 1.045714
168 1.071429
169 1.050000
170 1.045714
171 1.054286
172 1.015714
173 1.017857
174 1.050000
175 1.041429
176 1.041429
177 1.030714
178 1.015714
179 1.015714
180 1.041429
181 1.026429
182 1.039286
183 1.020000
184 1.037143
185 1.054286
186 1.043571
187 1.032857
188 1.015714
189 1.032857
190 498.268929
191 2.112857
192 1.823571
193 1.880357
194 1.877143
195 1.833214
196 1.850357
197 1.527857
198 1.116429
199 1.195714
200 1.116429
