  1 211.536429
  2 260.633571
  3 81.527143
  4 2.066786
  5 1.719643
  6 255.917143
  7 1.984286
  8 1.740000
  9 1.869643
 10 1.727143
 11 1.817143
 12 1.716429
 13 1.787143
 14 358.067143
 15 2.253214
 16 1.962857
 17 1.883571
 18 1.833214
 19 1.880357
 20 1.853571
 21 1.697143
 22 1.843929
 23 1.840714
 24 1.752857
 25 1.817143
 26 1.770000
 27 1.830000
 28 1.673571
 29 1.803214
 30 563.139643
 31 2.146071
 32 1.723929
 33 1.883571
 34 1.706786
 35 1.855714
 36 1.783929
 37 1.770000
 38 1.796786
 39 1.790357
 40 1.809643
 41 1.820357
 42 1.819286
 43 1.663929
 44 1.776429
 45 1.800000
 46 1.796786
 47 1.779643
 48 1.793571
 49 1.806429
 50 1.720714
 51 1.660714
 52 1.760357
 53 1.787143
 54 1.673571
 55 1.740000
 56 1.786071
 57 1.790357
 58 1.686429
 59 1.729286
 60 1.693929
 61 1.830000
 62 435.159643
 63 2.133214
 64 1.723929
 65 1.920000
 66 1.697143
 67 1.853571
 68 1.856786
 69 1.806429
 70 1.713214
 71 1.803214
 72 1.820357
 73 1.716429
 74 1.809643
 75 1.806429
 76 1.703571
 77 1.766786
 78 1.646786
 79 1.719643
 80 1.756071
 81 1.856786
 82 1.672500
 83 1.726071
 84 1.782857
 85 1.783929
 86 1.757143
 87 1.733571
 88 1.812857
 89 1.770000
 90 1.659643
 91 1.703571
 92 1.672500
 93 1.757143
 94 454.530000
 95 2.103214
 96 1.735714
 97 1.867500
 98 1.836429
 99 1.843929
100 1.686429
101 1.826786
102 1.923214
103 1.726071
104 1.812857
105 1.653214
106 1.759286
107 1.786071
108 1.719643
109 1.743214
110 1.813929
111 1.803214
112 1.636071
113 1.749643
114 1.806429
115 1.627500
116 1.740000
117 1.637143
118 1.773214
119 1.749643
120 1.626429
121 1.760357
122 1.653214
123 1.736786
124 1.782857
125 1.629643
126 438.162857
127 2.142857
128 1.653214
129 1.873929
130 1.853571
131 1.863214
132 1.872857
133 1.653214
134 1.782857
135 1.792500
136 1.670357
137 1.796786
138 1.796786
139 1.800000
140 1.833214
141 1.800000
142 1.786071
143 1.793571
144 1.803214
145 1.672500
146 1.793571
147 1.803214
148 1.823571
149 1.706786
150 1.770000
151 1.783929
152 1.643571
153 1.782857
154 1.790357
155 1.790357
156 1.796786
157 1.646786
158 466.686429
159 2.113929
160 1.710000
161 1.823571
162 1.746429
163 1.826786
164 1.686429
165 4.003929
166 1.726071
167 1.770000
168 1.830000
169 1.706786
170 1.812857
171 1.800000
172 1.603929
173 1.766786
174 1.760357
175 1.823571
176 1.826786
177 1.727143
178 1.812857
179 1.790357
180 1.783929
181 1.746429
182 1.753929
183 1.773214
184 1.813929
185 1.743214
186 1.820357
187 1.680000
188 1.779643
189 1.750714
190 467.400000
191 2.086071
192 1.620000
193 1.837500
194 1.683214
195 1.773214
196 1.787143
197 1.656429
198 1.782857
199 1.833214
200 1.809643
