  1 16310.836429
  2 312.520714
  3 81.042857
  4 2.229643
  5 1.763571
  6 461.902500
  7 2.040000
  8 1.673571
  9 1.653214
 10 1.873929
 11 1.800000
 12 1.692857
 13 1.787143
 14 905.380714
 15 2.096786
 16 1.800000
 17 1.803214
 18 1.703571
 19 1.803214
 20 1.823571
 21 1.790357
 22 4.130357
 23 0.633214
 24 0.600000
 25 0.623571
 26 0.595714
 27 0.611786
 28 0.591429
 29 0.596786
 30 3296.733214
 31 2.073214
 32 1.836429
 33 1.823571
 34 4.580357
 35 0.595714
 36 0.621429
 37 0.621429
 38 0.622500
 39 0.619286
 40 0.617143
 41 0.598929
 42 0.594643
 43 0.592500
 44 0.592500
 45 0.598929
 46 0.594643
 47 0.603214
 48 0.579643
 49 0.616071
 50 0.580714
 51 0.586071
 52 1.391786
 53 0.612857
 54 0.606429
 55 0.568929
 56 0.603214
 57 0.602143
 58 0.594643
 59 0.572143
 60 0.576429
 61 0.594643
 62 1998.641786
 63 2.049643
 64 1.680000
 65 1.673571
 66 0.684643
 67 0.658929
 68 0.684643
 69 0.684643
 70 0.682500
 71 0.670714
 72 0.664286
 73 0.661071
 74 0.640714
 75 0.665357
 76 0.664286
 77 0.613929
 78 0.601071
 79 0.592500
 80 0.605357
 81 0.590357
 82 0.594643
 83 0.586071
 84 0.595714
 85 0.600000
 86 0.602143
 87 0.591429
 88 0.611786
 89 0.580714
 90 0.624643
 91 0.576429
 92 0.611786
 93 0.590357
 94 2003.738571
 95 2.049643
 96 1.726071
 97 1.757143
 98 1.866429
 99 0.673929
100 0.625714
101 0.596786
102 0.618214
103 0.625714
104 0.611786
105 0.605357
106 0.617143
107 0.585000
108 0.586071
109 0.602143
110 0.591429
111 0.609643
112 0.585000
113 0.571071
114 0.592500
115 0.600000
116 0.585000
117 0.579643
118 0.583929
119 0.578571
120 0.553929
121 0.618214
122 0.583929
123 0.587143
124 0.602143
125 0.580714
126 2003.154643
127 2.169643
128 1.736786
129 1.826786
130 4.196786
131 0.618214
132 0.627857
133 0.714643
134 0.616071
135 0.616071
136 0.603214
137 0.595714
138 0.612857
139 0.589286
140 0.593571
141 0.603214
142 0.603214
143 0.598929
144 0.596786
145 0.633214
146 0.588214
147 0.608571
148 0.581786
149 0.593571
150 0.597857
151 0.608571
152 0.593571
153 0.607500
154 0.594643
155 0.583929
156 0.590357
157 0.593571
158 2008.000000
159 1.253214
160 1.016429
161 1.104643
162 1.009643
163 1.085357
164 1.083571
165 1.034286
166 1.088571
167 1.034286
168 1.027143
169 1.050000
170 1.062500
171 1.069286
172 0.988214
173 0.956429
174 0.977500
175 0.981071
176 1.122143
177 0.974286
178 0.960000
179 0.997143
180 0.976071
181 0.967143
182 0.974286
183 0.974286
184 0.982857
185 0.986429
186 0.949643
187 0.961786
188 0.972500
189 0.958214
190 1982.653929
191 1.362143
192 1.127857
193 1.011071
194 1.116786
195 1.087143
196 1.092500
197 1.074643
198 0.986429
199 0.968929
200 1.006071
