  1 222.276429
  2 224.760000
  3 77.843571
  4 2.049643
  5 1.746429
  6 241.413214
  7 2.016429
  8 1.743214
  9 1.923214
 10 1.746429
 11 1.890000
 12 1.757143
 13 1.733571
 14 368.209286
 15 2.029286
 16 1.823571
 17 1.699286
 18 1.853571
 19 1.680000
 20 1.816071
 21 1.666071
 22 1.750714
 23 1.760357
 24 1.850357
 25 1.779643
 26 1.756071
 27 1.800000
 28 1.663929
 29 1.733571
 30 562.920000
 31 2.053929
 32 1.809643
 33 1.746429
 34 1.723929
 35 1.750714
 36 1.666071
 37 1.673571
 38 1.834286
 39 1.856786
 40 1.706786
 41 1.676786
 42 1.749643
 43 1.807500
 44 1.659643
 45 1.779643
 46 1.686429
 47 1.776429
 48 1.726071
 49 1.646786
 50 1.740000
 51 1.740000
 52 1.820357
 53 1.653214
 54 1.807500
 55 1.692857
 56 1.776429
 57 1.666071
 58 1.752857
 59 1.662857
 60 1.686429
 61 1.643571
 62 468.003214
 63 2.049643
 64 1.756071
 65 1.697143
 66 1.753929
 67 1.703571
 68 1.752857
 69 1.710000
 70 1.646786
 71 1.659643
 72 1.650000
 73 1.656429
 74 1.636071
 75 1.670357
 76 1.667143
 77 1.673571
 78 1.640357
 79 1.616786
 80 1.616786
 81 1.640357
 82 1.680000
 83 1.632857
 84 1.599643
 85 1.696071
 86 1.670357
 87 1.640357
 88 1.620000
 89 1.626429
 90 1.660714
 91 1.657500
 92 1.723929
 93 1.669286
 94 443.719286
 95 2.033571
 96 1.757143
 97 1.763571
 98 1.722857
 99 1.716429
100 1.696071
101 1.690714
102 1.650000
103 1.596429
104 1.680000
105 1.653214
106 1.673571
107 1.693929
108 1.670357
109 1.663929
110 1.646786
111 1.662857
112 1.670357
113 1.663929
114 1.696071
115 1.640357
116 1.626429
117 1.683214
118 1.697143
119 1.653214
120 1.650000
121 1.642500
122 1.667143
123 1.639286
124 1.657500
125 1.646786
126 451.653214
127 1.983214
128 1.686429
129 1.666071
130 1.693929
131 1.779643
132 1.702500
133 1.730357
134 1.653214
135 1.686429
136 1.710000
137 1.646786
138 1.657500
139 1.667143
140 1.646786
141 1.603929
142 1.680000
143 1.640357
144 1.643571
145 1.616786
146 1.662857
147 1.643571
148 1.646786
149 1.597500
150 1.657500
151 1.667143
152 1.610357
153 1.612500
154 1.650000
155 1.637143
156 1.656429
157 1.610357
158 478.039286
159 2.022857
160 1.686429
161 1.670357
162 1.690714
163 1.812857
164 1.702500
165 1.686429
166 1.673571
167 1.696071
168 1.633929
169 1.669286
170 1.653214
171 1.580357
172 1.596429
173 1.602857
174 1.680000
175 1.636071
176 1.610357
177 1.656429
178 1.637143
179 1.646786
180 1.607143
181 1.596429
182 1.629643
183 1.676786
184 1.627500
185 1.629643
186 1.586786
187 1.602857
188 1.636071
189 1.620000
190 458.147143
191 2.087143
192 1.899643
193 1.740000
194 0.678214
195 0.693214
196 0.626786
197 0.665357
198 0.625714
199 0.663214
200 0.656786
