  1 4977.347143
  2 295.076786
  3 81.173571
  4 2.030357
  5 1.730357
  6 318.947143
  7 2.036786
  8 1.803214
  9 1.733571
 10 1.659643
 11 1.657500
 12 1.800000
 13 1.706786
 14 922.466786
 15 2.163214
 16 1.700357
 17 1.706786
 18 1.722857
 19 1.710000
 20 1.743214
 21 1.726071
 22 0.606429
 23 0.600000
 24 0.603214
 25 0.619286
 26 0.609643
 27 0.618214
 28 1.405714
 29 0.628929
 30 2218.566429
 31 0.845357
 32 0.645000
 33 0.619286
 34 0.610714
 35 0.611786
 36 0.621429
 37 0.630000
 38 0.590357
 39 0.612857
 40 0.621429
 41 0.590357
 42 0.604286
 43 0.616071
 44 0.622500
 45 0.617143
 46 0.596786
 47 0.611786
 48 0.615000
 49 0.615000
 50 0.585000
 51 0.594643
 52 0.612857
 53 0.610714
 54 0.597857
 55 0.616071
 56 0.578571
 57 0.617143
 58 0.636429
 59 0.610714
 60 0.610714
 61 0.590357
 62 1862.326071
 63 2.047500
 64 1.763571
 65 1.702500
 66 1.686429
 67 0.631071
 68 0.632143
 69 0.608571
 70 0.604286
 71 0.601071
 72 0.595714
 73 0.594643
 74 0.600000
 75 0.583929
 76 0.618214
 77 0.592500
 78 0.608571
 79 0.613929
 80 0.601071
 81 0.608571
 82 0.606429
 83 0.606429
 84 0.652500
 85 0.608571
 86 0.589286
 87 0.612857
 88 0.631071
 89 0.613929
 90 0.628929
 91 0.588214
 92 0.619286
 93 0.592500
 94 3246.984643
 95 2.113929
 96 1.663929
 97 1.673571
 98 1.659643
 99 0.605357
100 0.604286
101 0.604286
102 0.603214
103 0.585000
104 0.605357
105 0.603214
106 0.579643
107 0.607500
108 0.602143
109 0.611786
110 0.607500
111 0.580714
112 0.593571
113 0.606429
114 0.593571
115 0.595714
116 0.603214
117 0.558214
118 0.579643
119 0.582857
120 0.586071
121 0.594643
122 0.598929
123 0.609643
124 0.577500
125 0.610714
126 2004.613929
127 2.090357
128 1.726071
129 1.713214
130 1.616786
131 0.631071
132 0.632143
133 0.625714
134 0.612857
135 0.611786
136 0.589286
137 0.581786
138 0.607500
139 0.585000
140 0.591429
141 0.609643
142 0.578571
143 0.608571
144 0.586071
145 0.597857
146 0.606429
147 0.582857
148 0.603214
149 0.604286
150 0.601071
151 0.602143
152 0.588214
153 0.604286
154 0.605357
155 0.611786
156 0.646071
157 0.601071
158 2003.555357
159 1.446429
160 1.232143
161 1.116429
162 1.161429
163 1.131429
164 1.165714
165 1.176429
166 1.099286
167 1.095000
168 1.167857
169 1.056429
170 1.135714
171 1.163571
172 1.077857
173 1.116429
174 1.133571
175 1.069286
176 1.097143
177 1.159286
178 1.069286
179 1.142143
180 1.150714
181 1.067143
182 1.150714
183 1.125000
184 1.035000
185 1.133571
186 1.107857
187 1.073571
188 1.165714
189 1.030714
190 1969.414286
191 1.405714
192 1.202143
193 1.219286
194 1.185000
195 1.099286
196 1.062857
197 1.080000
198 1.090714
199 1.065000
200 1.067143
