  1 216.383571
  2 252.696429
  3 96.979286
  4 2.136429
  5 1.706786
  6 221.836071
  7 1.946786
  8 1.730357
  9 1.693929
 10 1.890000
 11 1.689643
 12 1.716429
 13 1.675714
 14 375.463929
 15 2.216786
 16 1.870714
 17 1.836429
 18 1.789286
 19 1.846071
 20 1.740000
 21 1.806429
 22 1.810714
 23 1.787143
 24 1.759286
 25 1.786071
 26 1.800000
 27 1.760357
 28 1.760357
 29 1.766786
 30 555.589286
 31 2.112857
 32 1.790357
 33 1.900714
 34 1.697143
 35 1.849286
 36 1.733571
 37 1.697143
 38 1.646786
 39 1.632857
 40 1.653214
 41 1.653214
 42 1.667143
 43 1.612500
 44 1.659643
 45 1.633929
 46 1.676786
 47 1.683214
 48 1.680000
 49 1.610357
 50 1.620000
 51 1.643571
 52 1.680000
 53 1.626429
 54 1.633929
 55 1.646786
 56 1.650000
 57 1.660714
 58 1.667143
 59 1.670357
 60 1.663929
 61 1.646786
 62 493.776429
 63 2.106429
 64 1.880357
 65 1.710000
 66 1.853571
 67 1.716429
 68 1.697143
 69 1.700357
 70 1.657500
 71 1.693929
 72 1.673571
 73 1.583571
 74 1.653214
 75 1.662857
 76 1.646786
 77 1.620000
 78 1.590000
 79 1.640357
 80 1.632857
 81 1.616786
 82 1.623214
 83 1.633929
 84 1.653214
 85 1.642500
 86 1.706786
 87 1.686429
 88 1.646786
 89 1.620000
 90 1.616786
 91 1.650000
 92 1.615714
 93 1.653214
 94 442.386429
 95 2.110714
 96 1.776429
 97 1.793571
 98 1.717500
 99 1.726071
100 1.692857
101 1.777500
102 1.696071
103 1.630714
104 1.807500
105 1.830000
106 1.686429
107 1.825714
108 1.830000
109 1.749643
110 1.820357
111 1.846071
112 1.776429
113 1.830000
114 1.796786
115 1.823571
116 1.683214
117 1.839643
118 1.893214
119 1.686429
120 1.812857
121 1.860000
122 1.640357
123 1.826786
124 1.689643
125 1.806429
126 435.843214
127 2.103214
128 1.747500
129 1.686429
130 1.773214
131 1.714286
132 1.740000
133 1.722857
134 1.696071
135 1.777500
136 1.746429
137 1.713214
138 1.693929
139 1.663929
140 1.670357
141 1.706786
142 1.710000
143 1.689643
144 1.693929
145 1.653214
146 1.720714
147 1.697143
148 1.719643
149 1.654286
150 1.710000
151 1.684286
152 1.713214
153 3.920357
154 1.800000
155 1.697143
156 1.616786
157 1.706786
158 480.107143
159 2.079643
160 1.749643
161 1.746429
162 1.830000
163 1.757143
164 1.860000
165 1.876071
166 1.710000
167 1.852500
168 1.700357
169 1.837500
170 1.756071
171 1.646786
172 1.743214
173 1.643571
174 1.806429
175 1.793571
176 1.833214
177 1.806429
178 1.806429
179 1.753929
180 1.817143
181 1.762500
182 1.770000
183 1.662857
184 1.760357
185 1.834286
186 1.636071
187 1.787143
188 1.643571
189 86.816786
190 372.279643
191 2.319643
192 1.900714
193 1.736786
194 1.670357
195 1.836429
196 1.846071
197 1.782857
198 1.803214
199 1.823571
200 1.646786
