  1 206.920714
  2 245.797500
  3 78.960357
  4 1.737500
  5 1.440000
  6 238.257500
  7 1.612500
  8 1.390000
  9 1.515000
 10 1.402500
 11 1.520000
 12 1.542500
 13 1.542500
 14 370.237500
 15 1.827500
 16 1.495000
 17 1.547500
 18 1.532500
 19 1.367500
 20 1.515000
 21 1.485000
 22 1.430000
 23 1.505000
 24 1.510000
 25 1.490000
 26 1.335000
 27 1.485000
 28 1.435000
 29 1.465000
 30 572.150000
 31 1.760000
 32 1.527500
 33 1.535000
 34 1.515000
 35 1.507500
 36 1.502500
 37 1.370000
 38 1.445000
 39 1.475000
 40 1.642500
 41 1.477500
 42 1.490000
 43 1.442500
 44 1.390000
 45 1.532500
 46 1.345000
 47 1.427500
 48 1.465000
 49 1.502500
 50 1.360000
 51 1.395000
 52 1.470000
 53 1.447500
 54 1.452500
 55 1.470000
 56 1.392500
 57 1.447500
 58 1.472500
 59 1.445000
 60 1.435000
 61 1.477500
 62 499.142500
 63 1.717500
 64 1.417500
 65 1.515000
 66 1.395000
 67 1.542500
 68 1.397500
 69 1.542500
 70 1.377500
 71 1.410000
 72 1.465000
 73 1.362500
 74 1.457500
 75 1.480000
 76 1.492500
 77 1.440000
 78 1.432500
 79 1.485000
 80 1.330000
 81 1.477500
 82 1.470000
 83 1.465000
 84 1.482500
 85 1.480000
 86 1.477500
 87 1.482500
 88 1.327500
 89 1.442500
 90 1.475000
 91 1.420000
 92 1.365000
 93 1.430000
 94 504.220000
 95 1.722500
 96 1.405000
 97 1.502500
 98 1.455000
 99 1.477500
100 1.487500
101 1.497500
102 1.447500
103 1.450000
104 1.465000
105 1.450000
106 1.460000
107 1.407500
108 1.350000
109 1.430000
110 1.425000
111 1.342500
112 1.447500
113 1.452500
114 1.355000
115 1.430000
116 1.332500
117 1.435000
118 1.462500
119 1.347500
120 1.437500
121 1.465000
122 1.445000
123 1.420000
124 1.480000
125 1.410000
126 478.102500
127 1.720000
128 1.385000
129 1.522500
130 1.472500
131 1.522500
132 1.405000
133 1.507500
134 1.375000
135 1.492500
136 1.452500
137 1.472500
138 1.350000
139 1.455000
140 1.480000
141 1.355000
142 1.465000
143 1.302500
144 1.425000
145 1.420000
146 1.450000
147 3.312500
148 1.507500
149 1.447500
150 1.375000
151 1.445000
152 1.467500
153 1.500000
154 1.370000
155 1.447500
156 1.472500
157 1.482500
158 507.015000
159 1.775000
160 1.397500
161 1.462500
162 1.410000
163 1.480000
164 1.357500
165 1.450000
166 1.392500
167 1.417500
168 1.382500
169 1.440000
170 1.460000
171 1.460000
172 1.475000
173 1.457500
174 1.452500
175 1.465000
176 1.435000
177 1.465000
178 1.462500
179 1.357500
180 1.435000
181 1.452500
182 1.465000
183 1.432500
184 1.445000
185 1.457500
186 1.480000
187 1.482500
188 1.332500
189 1.475000
190 508.560000
191 1.752500
192 1.512500
193 1.512500
194 1.385000
195 1.470000
196 1.475000
197 1.560000
198 1.517500
199 1.462500
200 1.440000
