  1 164.833929
  2 213.986786
  3 78.606429
  4 0.811071
  5 0.624643
  6 251.591786
  7 2.033571
  8 1.757143
  9 0.703929
 10 0.617143
 11 0.611786
 12 0.603214
 13 0.625714
 14 378.613929
 15 2.082857
 16 1.932857
 17 1.702500
 18 1.713214
 19 1.937143
 20 1.696071
 21 1.727143
 22 4.302857
 23 0.632143
 24 0.622500
 25 0.630000
 26 0.611786
 27 0.600000
 28 0.600000
 29 0.608571
 30 739.836429
 31 1.890000
 32 1.616429
 33 1.530000
 34 1.655714
 35 1.550714
 36 1.512143
 37 1.629286
 38 1.518571
 39 1.617143
 40 1.629286
 41 1.524286
 42 1.496429
 43 1.625714
 44 1.476429
 45 1.512143
 46 1.470000
 47 1.607857
 48 1.637857
 49 1.616429
 50 1.437143
 51 1.479286
 52 1.554286
 53 1.485000
 54 1.629286
 55 1.610714
 56 1.515000
 57 1.524286
 58 1.550714
 59 1.622857
 60 1.655714
 61 1.494286
 62 475.947143
 63 1.865714
 64 1.590000
 65 1.670714
 66 1.557143
 67 1.575000
 68 1.680000
 69 1.527143
 70 1.536429
 71 1.485000
 72 1.587143
 73 1.656429
 74 1.512143
 75 1.496429
 76 1.628571
 77 1.539286
 78 1.500000
 79 1.457857
 80 1.625714
 81 1.643571
 82 1.652857
 83 1.485000
 84 1.547857
 85 1.493571
 86 1.683571
 87 1.467143
 88 1.569286
 89 1.637857
 90 1.470000
 91 1.497143
 92 1.599286
 93 1.515000
 94 499.872143
 95 1.793571
 96 1.554286
 97 1.622857
 98 1.515000
 99 1.662143
100 1.515000
101 1.670714
102 1.515000
103 1.512143
104 1.643571
105 1.536429
106 1.481429
107 1.635000
108 1.643571
109 1.482143
110 1.497143
111 1.626429
112 1.632143
113 1.532857
114 1.530000
115 1.592857
116 1.491429
117 1.470000
118 1.577857
119 1.605000
120 1.508571
121 1.512143
122 1.632143
123 1.532857
124 1.622857
125 1.653571
126 458.697143
127 1.896429
128 1.581429
129 1.584286
130 1.617143
131 1.598571
132 1.542143
133 1.577857
134 1.497143
135 1.520714
136 1.500000
137 1.536429
138 1.479286
139 1.533571
140 1.455000
141 1.508571
142 1.490714
143 1.512143
144 1.497143
145 1.539286
146 3.566429
147 1.556429
148 1.542143
149 1.530000
150 1.542143
151 1.508571
152 1.491429
153 1.539286
154 1.547857
155 1.496429
156 1.547857
157 1.490714
158 462.825000
159 1.770000
160 1.560000
161 1.658571
162 1.637857
163 1.497143
164 1.515000
165 1.623571
166 1.515000
167 1.500000
168 1.590000
169 1.485000
170 1.644286
171 1.500000
172 1.515000
173 1.610714
174 1.494286
175 1.590000
176 1.617143
177 1.509286
178 1.598571
179 1.473571
180 1.506429
181 1.592857
182 1.442857
183 1.505714
184 1.640714
185 1.473571
186 1.613571
187 1.583571
188 1.490714
189 1.625714
190 495.947857
191 1.860000
192 1.629286
193 1.650000
194 1.554286
195 1.635000
196 1.556429
197 1.523571
198 1.665000
199 1.523571
200 1.482143
