  1 208.692857
  2 266.526429
  3 81.162857
  4 2.030357
  5 1.730357
  6 229.943571
  7 2.033571
  8 1.900714
  9 1.752857
 10 1.843929
 11 1.703571
 12 1.686429
 13 1.710000
 14 375.497143
 15 2.256429
 16 1.823571
 17 1.723929
 18 1.886786
 19 1.683214
 20 1.673571
 21 1.623214
 22 1.836429
 23 1.673571
 24 1.803214
 25 1.693929
 26 1.654286
 27 1.653214
 28 1.620000
 29 1.776429
 30 557.760000
 31 2.049643
 32 1.757143
 33 1.782857
 34 1.723929
 35 1.717500
 36 1.702500
 37 1.727143
 38 1.727143
 39 1.686429
 40 1.719643
 41 1.710000
 42 1.719643
 43 1.673571
 44 1.656429
 45 1.646786
 46 1.684286
 47 1.692857
 48 1.692857
 49 1.667143
 50 1.653214
 51 1.640357
 52 1.673571
 53 1.653214
 54 1.650000
 55 1.646786
 56 1.670357
 57 1.687500
 58 1.662857
 59 1.657500
 60 1.669286
 61 1.683214
 62 467.119286
 63 2.080714
 64 1.849286
 65 1.726071
 66 1.697143
 67 1.796786
 68 1.856786
 69 1.726071
 70 1.667143
 71 1.713214
 72 1.653214
 73 1.795714
 74 1.629643
 75 1.594286
 76 1.650000
 77 1.636071
 78 1.656429
 79 1.602857
 80 1.643571
 81 1.629643
 82 1.646786
 83 1.684286
 84 1.623214
 85 1.654286
 86 1.670357
 87 1.662857
 88 1.636071
 89 1.693929
 90 1.632857
 91 1.636071
 92 1.687500
 93 1.623214
 94 441.287143
 95 2.096786
 96 1.752857
 97 1.736786
 98 1.696071
 99 1.713214
100 1.676786
101 1.703571
102 1.620000
103 1.630714
104 1.669286
105 1.749643
106 1.703571
107 1.676786
108 1.779643
109 1.826786
110 1.667143
111 1.743214
112 1.719643
113 1.703571
114 1.787143
115 1.786071
116 1.786071
117 1.670357
118 1.776429
119 1.800000
120 1.716429
121 1.820357
122 1.659643
123 1.696071
124 1.726071
125 1.697143
126 441.863571
127 2.096786
128 1.716429
129 1.760357
130 1.836429
131 1.863214
132 1.869643
133 1.907143
134 1.812857
135 1.834286
136 1.866429
137 1.657500
138 1.807500
139 1.777500
140 1.834286
141 1.796786
142 1.716429
143 1.826786
144 1.833214
145 1.684286
146 1.826786
147 1.796786
148 1.639286
149 1.793571
150 1.786071
151 1.656429
152 1.757143
153 1.640357
154 1.860000
155 1.813929
156 1.806429
157 1.643571
158 493.702500
159 2.096786
160 1.929643
161 1.866429
162 1.883571
163 1.873929
164 1.855714
165 1.853571
166 1.796786
167 1.869643
168 1.886786
169 1.782857
170 1.782857
171 1.813929
172 1.800000
173 1.793571
174 1.793571
175 1.816071
176 1.795714
177 1.804286
178 1.823571
179 1.792500
180 1.803214
181 1.793571
182 1.847143
183 1.790357
184 1.790357
185 1.809643
186 1.817143
187 1.773214
188 1.793571
189 1.796786
190 446.176071
191 2.076429
192 1.849286
193 1.809643
194 1.697143
195 1.853571
196 1.833214
197 1.692857
198 1.779643
199 1.753929
200 1.670357
