  1 209.535714
  2 269.010000
  3 81.541786
  4 1.860000
  5 1.554286
  6 273.143571
  7 1.887143
  8 1.523571
  9 1.532857
 10 1.524286
 11 1.542143
 12 1.521429
 13 1.701429
 14 349.952857
 15 1.913571
 16 1.590000
 17 1.500000
 18 1.547857
 19 1.554286
 20 1.527143
 21 1.532857
 22 1.517857
 23 1.491429
 24 1.494286
 25 1.470000
 26 1.524286
 27 1.485000
 28 1.503571
 29 1.475714
 30 646.554286
 31 1.850714
 32 1.500000
 33 1.565714
 34 1.482143
 35 1.464286
 36 1.463571
 37 1.455000
 38 1.448571
 39 1.475714
 40 1.470000
 41 1.485000
 42 1.497143
 43 1.482143
 44 1.455000
 45 1.452143
 46 1.461429
 47 1.482143
 48 1.455000
 49 1.464286
 50 1.449286
 51 1.455000
 52 1.445714
 53 1.443571
 54 1.458571
 55 1.455000
 56 1.418571
 57 1.430714
 58 1.449286
 59 1.449286
 60 1.467143
 61 1.475714
 62 492.102143
 63 1.877857
 64 1.545000
 65 1.532857
 66 1.527143
 67 1.539286
 68 1.515000
 69 1.562857
 70 1.527143
 71 1.502857
 72 1.479286
 73 1.521429
 74 1.509286
 75 1.496429
 76 1.518571
 77 1.494286
 78 1.520714
 79 1.490714
 80 1.476429
 81 1.485000
 82 1.487857
 83 1.485000
 84 1.460714
 85 1.472857
 86 1.482143
 87 1.508571
 88 1.485000
 89 1.490714
 90 1.478571
 91 1.460714
 92 1.532857
 93 1.473571
 94 498.030000
 95 1.887143
 96 1.584286
 97 1.530000
 98 1.509286
 99 1.524286
100 1.523571
101 1.539286
102 1.536429
103 1.482143
104 1.491429
105 1.509286
106 1.515000
107 1.493571
108 1.479286
109 1.497143
110 1.485000
111 1.472857
112 1.479286
113 1.506429
114 1.502857
115 1.487857
116 1.502857
117 1.475714
118 1.452143
119 1.488571
120 1.475714
121 1.509286
122 1.497143
123 1.491429
124 1.502857
125 1.461429
126 494.270714
127 1.887143
128 1.539286
129 1.560000
130 1.527143
131 1.527143
132 1.497143
133 1.517857
134 1.485000
135 1.518571
136 1.494286
137 1.505714
138 1.536429
139 1.512143
140 1.485000
141 1.505714
142 1.509286
143 1.506429
144 1.511429
145 1.485000
146 1.485000
147 1.502857
148 1.488571
149 1.470000
150 1.497143
151 1.460714
152 1.476429
153 1.485000
154 1.467143
155 1.460714
156 1.508571
157 1.515000
158 498.425714
159 1.797143
160 1.532857
161 1.532857
162 1.517857
163 1.497143
164 1.500000
165 1.490714
166 1.457857
167 1.482143
168 1.472857
169 1.440000
170 1.478571
171 1.497143
172 1.517857
173 1.470000
174 1.470000
175 1.475714
176 1.463571
177 1.461429
178 1.470000
179 1.476429
180 1.458571
181 1.470000
182 1.475714
183 1.490714
184 1.476429
185 1.446429
186 1.448571
187 1.508571
188 1.475714
189 1.464286
190 491.627857
191 1.890000
192 1.571429
193 1.515000
194 1.524286
195 1.524286
196 1.520714
197 1.530000
198 1.512143
199 1.487857
200 1.541429
