  1 273.486429
  2 226.026429
  3 186.936429
  4 2.066786
  5 1.833214
  6 259.860000
  7 2.096786
  8 1.757143
  9 1.776429
 10 1.833214
 11 1.856786
 12 1.770000
 13 1.853571
 14 399.898929
 15 2.183571
 16 1.893214
 17 1.740000
 18 1.830000
 19 1.836429
 20 1.749643
 21 1.796786
 22 1.839643
 23 1.766786
 24 16.779643
 25 1.757143
 26 1.860000
 27 1.716429
 28 1.856786
 29 1.873929
 30 475.324286
 31 2.070000
 32 1.846071
 33 1.924286
 34 1.670357
 35 1.760357
 36 1.793571
 37 1.673571
 38 1.752857
 39 1.773214
 40 1.823571
 41 1.776429
 42 1.683214
 43 1.789286
 44 1.749643
 45 1.783929
 46 1.746429
 47 1.740000
 48 1.736786
 49 1.766786
 50 1.793571
 51 1.807500
 52 1.763571
 53 1.646786
 54 1.773214
 55 1.780714
 56 1.659643
 57 1.793571
 58 1.747500
 59 1.820357
 60 1.765714
 61 1.640357
 62 467.733214
 63 2.109643
 64 1.667143
 65 1.820357
 66 1.817143
 67 1.870714
 68 1.860000
 69 1.872857
 70 1.872857
 71 1.899643
 72 1.670357
 73 1.789286
 74 1.819286
 75 1.692857
 76 1.789286
 77 1.820357
 78 1.660714
 79 1.763571
 80 1.850357
 81 1.722857
 82 1.752857
 83 1.825714
 84 1.793571
 85 1.692857
 86 1.796786
 87 1.779643
 88 1.770000
 89 1.812857
 90 1.792500
 91 1.826786
 92 1.687500
 93 1.766786
 94 435.970714
 95 2.092500
 96 1.842857
 97 1.879286
 98 1.716429
 99 1.806429
100 1.779643
101 1.716429
102 1.720714
103 1.806429
104 1.643571
105 1.726071
106 1.810714
107 1.710000
108 1.766786
109 1.757143
110 1.776429
111 1.773214
112 1.730357
113 1.770000
114 1.782857
115 1.684286
116 1.726071
117 1.639286
118 1.779643
119 1.783929
120 1.766786
121 1.793571
122 1.766786
123 1.643571
124 1.703571
125 1.773214
126 470.633571
127 2.126786
128 1.676786
129 1.870714
130 1.863214
131 1.837500
132 1.710000
133 1.796786
134 1.810714
135 1.803214
136 1.839643
137 1.800000
138 1.776429
139 1.777500
140 1.730357
141 1.750714
142 1.770000
143 1.760357
144 1.659643
145 1.763571
146 1.659643
147 1.776429
148 1.740000
149 1.752857
150 1.747500
151 1.676786
152 1.749643
153 1.776429
154 1.726071
155 1.727143
156 1.752857
157 1.650000
158 571.536429
159 2.109643
160 1.852500
161 1.836429
162 1.839643
163 1.806429
164 1.800000
165 1.800000
166 1.800000
167 1.807500
168 1.803214
169 1.800000
170 1.740000
171 1.752857
172 1.789286
173 1.736786
174 1.787143
175 0.654643
176 0.670714
177 0.663214
178 0.665357
179 0.602143
180 0.604286
181 0.573214
182 0.595714
183 0.600000
184 0.595714
185 0.590357
186 0.610714
187 0.616071
188 0.639643
189 0.664286
190 515.490000
191 2.073214
192 1.840714
193 1.723929
194 1.836429
195 0.662143
196 0.595714
197 0.622500
198 0.579643
199 0.595714
200 0.595714
