  1 210.866786
  2 224.570357
  3 77.456786
  4 4.332857
  5 1.803214
  6 260.842500
  7 2.139643
  8 1.839643
  9 1.866429
 10 1.839643
 11 1.850357
 12 1.850357
 13 1.692857
 14 356.903571
 15 2.100000
 16 1.675714
 17 1.826786
 18 1.893214
 19 1.877143
 20 1.667143
 21 1.806429
 22 1.843929
 23 1.770000
 24 1.793571
 25 1.659643
 26 1.817143
 27 1.680000
 28 1.759286
 29 1.787143
 30 570.942857
 31 2.019643
 32 1.834286
 33 1.740000
 34 1.716429
 35 1.866429
 36 1.699286
 37 1.806429
 38 1.870714
 39 1.880357
 40 1.680000
 41 1.782857
 42 1.812857
 43 1.796786
 44 1.842857
 45 1.839643
 46 1.760357
 47 1.770000
 48 1.776429
 49 1.779643
 50 1.689643
 51 1.779643
 52 1.773214
 53 1.744286
 54 1.752857
 55 1.723929
 56 1.787143
 57 1.757143
 58 1.806429
 59 1.749643
 60 1.773214
 61 1.757143
 62 430.066071
 63 2.006786
 64 1.847143
 65 1.683214
 66 1.793571
 67 1.850357
 68 1.849286
 69 1.727143
 70 1.830000
 71 1.840714
 72 1.746429
 73 1.816071
 74 1.810714
 75 1.833214
 76 1.659643
 77 1.740000
 78 1.656429
 79 1.800000
 80 1.779643
 81 1.796786
 82 1.730357
 83 1.826786
 84 1.773214
 85 1.816071
 86 1.795714
 87 1.796786
 88 1.820357
 89 1.786071
 90 1.804286
 91 1.670357
 92 1.733571
 93 1.756071
 94 438.822857
 95 2.186786
 96 1.727143
 97 1.880357
 98 1.873929
 99 1.727143
100 1.819286
101 1.860000
102 1.713214
103 1.806429
104 1.830000
105 1.820357
106 1.806429
107 1.650000
108 1.850357
109 1.796786
110 1.782857
111 1.669286
112 1.770000
113 1.790357
114 1.696071
115 1.726071
116 1.773214
117 1.820357
118 1.773214
119 1.836429
120 1.833214
121 1.766786
122 1.809643
123 1.633929
124 1.693929
125 1.847143
126 442.413214
127 2.133214
128 1.736786
129 1.810714
130 1.713214
131 1.833214
132 1.906071
133 1.843929
134 1.839643
135 1.826786
136 1.760357
137 1.823571
138 1.790357
139 1.850357
140 1.613571
141 1.847143
142 1.823571
143 1.837500
144 1.616786
145 1.777500
146 1.686429
147 1.776429
148 1.774286
149 1.650000
150 1.779643
151 1.790357
152 1.620000
153 1.723929
154 1.773214
155 1.576071
156 1.840714
157 1.800000
158 470.280000
159 2.176071
160 1.730357
161 1.843929
162 1.693929
163 1.836429
164 1.856786
165 1.913571
166 1.843929
167 1.920000
168 1.710000
169 1.869643
170 1.806429
171 1.650000
172 1.756071
173 1.810714
174 1.663929
175 1.803214
176 1.817143
177 1.686429
178 1.800000
179 1.833214
180 1.637143
181 1.776429
182 1.842857
183 1.780714
184 1.820357
185 1.863214
186 1.830000
187 1.843929
188 1.632857
189 1.763571
190 354.382500
191 2.010000
192 1.736786
193 1.843929
194 1.730357
195 1.813929
196 1.836429
197 1.877143
198 1.820357
199 1.763571
200 1.683214
