32 8.691754
64 15.802150
96 24.178348
128 28.565942
160 33.513239
192 41.303424
224 44.519692
256 48.795416
288 53.779005
320 61.718010
352 66.494956
384 72.739040
416 81.348904
448 85.468661
480 88.654474
512 98.229857
544 97.868581
576 105.630534
608 109.295437
640 116.194081
672 125.133176
704 129.444790
736 134.332961
768 137.201156
800 145.535230
832 149.153007
864 157.967927
896 162.318080
928 165.730919
960 175.589423
992 179.983290
1024 185.857716
1056 190.532626
1088 195.371446
1120 204.168232
1152 208.005757
1184 212.200453
1216 217.085038
1248 223.854061
1280 230.318820
1312 235.192393
1344 239.424578
1376 243.937160
1408 249.541985
1440 257.693080
1472 262.842107
1504 267.162584
1536 277.858432
1568 279.971270
1600 282.968141
1632 289.269800
1664 295.051069
1696 299.667038
1728 308.680530
1760 311.897540
1792 321.115847
1824 322.717091
1856 332.388518
1888 337.156033
1920 341.262027
1952 345.011454
1984 352.999985
2016 358.137631
2048 365.352614
2080 369.720628
2112 374.312900
2144 379.798614
2176 389.774245
2208 395.809016
2240 397.095456
2272 402.562284
2304 411.896323
2336 416.455346
2368 421.460481
2400 426.148043
2432 430.357950
2464 439.580634
2496 447.088867
2528 448.031061
2560 453.100729
2592 462.390374
2624 464.679364
2656 469.337823
2688 474.616085
2720 484.897088
2752 489.044795
2784 490.142605
2816 497.183105
2848 506.242429
2880 511.627148
2912 515.444026
2944 520.178547
2976 524.766619
3008 533.618752
3040 539.027620
3072 541.892223
3104 546.326150
3136 556.765069
3168 556.821248
3200 564.860094
3232 571.875064
3264 573.308933
3296 581.185365
3328 586.942456
3360 591.136243
3392 601.429914
3424 605.303837
3456 606.888411
3488 613.782503
3520 623.324893
3552 630.794249
3584 632.320945
3616 635.962990
3648 641.000437
3680 651.121533
3712 654.207723
3744 658.553884
3776 668.090160
3808 673.088504
3840 677.767777
3872 680.618426
3904 690.946789
3936 694.815271
3968 699.930949
4000 705.548896
4032 710.186896
4064 713.581228
4096 722.040083
4128 725.804092
4160 732.609308
4192 737.601200
4224 741.927660
4256 746.423958
4288 753.274001
4320 762.497563
4352 764.405728
4384 774.405694
4416 779.077396
4448 784.660602
4480 790.090561
4512 794.044857
4544 801.637535
4576 808.352939
4608 811.550865
4640 815.624954
4672 820.739049
4704 825.143758
4736 833.391183
4768 838.671811
4800 843.268684
4832 851.763987
4864 856.265820
4896 860.993176
4928 865.425655
4960 870.634187
4992 875.820952
5024 883.027383
5056 888.420745
5088 891.240640
5120 900.955929
5152 903.695683
5184 913.836328
5216 918.544007
5248 923.285361
5280 927.376872
5312 932.678337
5344 6752.814532
5376 12061.221885
5408 16093.598960
5440 17838.319865
5472 21269.556143
5504 23906.055735
5536 24495.540993
5568 24952.878602
5600 25578.796165
5632 30104.838575
5664 28070.461835
5696 27817.801993
5728 28407.599777
5760 28985.285952
5792 29600.528978
5824 30249.237155
5856 31765.910178
5888 31500.416613
5920 32067.986468
5952 33619.627157
5984 33235.256045
6016 33895.101687
6048 34571.828380
6080 35413.064485
