  1 427.530000
  2 462.857143
  3 39.304286
  4 2.156786
  5 1.782857
  6 552.020357
  7 2.363571
  8 1.863214
  9 1.860000
 10 1.850357
 11 1.940357
 12 1.916786
 13 1.899643
 14 417.742500
 15 2.303571
 16 1.953214
 17 1.876071
 18 1.860000
 19 1.850357
 20 1.869643
 21 1.809643
 22 1.843929
 23 1.790357
 24 1.957500
 25 1.780714
 26 1.863214
 27 1.866429
 28 1.782857
 29 1.809643
 30 694.670357
 31 2.387143
 32 1.940357
 33 1.823571
 34 1.953214
 35 1.796786
 36 1.732500
 37 1.800000
 38 1.930714
 39 1.846071
 40 1.976786
 41 1.869643
 42 1.776429
 43 1.706786
 44 1.710000
 45 1.823571
 46 1.719643
 47 1.849286
 48 1.770000
 49 1.826786
 50 1.773214
 51 1.743214
 52 1.837500
 53 1.773214
 54 1.787143
 55 1.839643
 56 1.926429
 57 1.833214
 58 1.803214
 59 1.730357
 60 1.716429
 61 1.800000
 62 490.590000
 63 2.496429
 64 1.806429
 65 1.796786
 66 1.803214
 67 1.826786
 68 1.810714
 69 1.847143
 70 1.736786
 71 1.910357
 72 1.795714
 73 1.800000
 74 1.736786
 75 1.743214
 76 1.730357
 77 1.726071
 78 1.727143
 79 1.757143
 80 1.779643
 81 1.736786
 82 1.757143
 83 1.626429
 84 1.659643
 85 1.687500
 86 1.662857
 87 1.819286
 88 1.789286
 89 1.732500
 90 1.800000
 91 1.777500
 92 1.757143
 93 1.740000
 94 494.033571
 95 2.410714
 96 1.886786
 97 2.010000
 98 1.929643
 99 1.697143
100 1.866429
101 1.756071
102 1.876071
103 1.733571
104 1.757143
105 1.916786
106 1.817143
107 1.790357
108 1.806429
109 1.702500
110 1.836429
111 1.842857
112 1.774286
113 1.793571
114 1.752857
115 1.830000
116 1.890000
117 1.833214
118 1.830000
119 1.819286
120 1.823571
121 1.757143
122 1.833214
123 1.719643
124 1.759286
125 1.790357
126 774.577500
127 2.380714
128 1.680000
129 1.860000
130 1.860000
131 1.813929
132 1.823571
133 1.803214
134 1.800000
135 1.810714
136 1.842857
137 1.833214
138 1.796786
139 1.807500
140 1.883571
141 1.790357
142 1.756071
143 1.713214
144 1.643571
145 1.749643
146 1.860000
147 1.703571
148 1.673571
149 1.840714
150 1.833214
151 1.837500
152 1.812857
153 1.759286
154 1.766786
155 1.823571
156 1.722857
157 1.856786
158 483.717857
159 2.433214
160 1.873929
161 1.902857
162 1.886786
163 1.869643
164 1.722857
165 1.796786
166 1.890000
167 1.753929
168 1.763571
169 1.770000
170 1.733571
171 1.792500
172 1.680000
173 1.779643
174 1.733571
175 1.833214
176 1.803214
177 1.782857
178 1.796786
179 1.825714
180 1.752857
181 1.860000
182 1.866429
183 1.830000
184 1.843929
185 1.719643
186 1.763571
187 1.749643
188 1.720714
189 1.822500
190 570.788571
191 2.527500
192 1.843929
193 1.906071
194 1.740000
195 1.830000
196 1.893214
197 1.773214
198 1.873929
199 1.893214
200 1.869643
