  1 8617.644643
  2 613.872857
  3 40.429286
  4 2.376429
  5 1.837500
  6 623.790000
  7 2.640000
  8 1.893214
  9 1.890000
 10 1.816071
 11 1.860000
 12 1.826786
 13 1.766786
 14 720.333214
 15 2.413929
 16 2.340000
 17 1.953214
 18 1.899643
 19 1.916786
 20 1.890000
 21 1.866429
 22 1.893214
 23 1.916786
 24 1.970357
 25 1.880357
 26 1.856786
 27 1.943571
 28 1.899643
 29 1.863214
 30 2316.446786
 31 2.340000
 32 1.800000
 33 2.026071
 34 1.946786
 35 1.833214
 36 1.896429
 37 1.776429
 38 1.830000
 39 1.766786
 40 1.746429
 41 1.733571
 42 1.853571
 43 1.823571
 44 1.872857
 45 1.800000
 46 1.790357
 47 1.744286
 48 1.706786
 49 1.839643
 50 1.817143
 51 1.706786
 52 1.740000
 53 1.752857
 54 1.849286
 55 1.756071
 56 1.946786
 57 1.766786
 58 1.793571
 59 1.837500
 60 1.836429
 61 1.966071
 62 2319.161786
 63 2.523214
 64 1.959643
 65 1.787143
 66 1.883571
 67 1.820357
 68 1.860000
 69 1.806429
 70 1.823571
 71 1.683214
 72 1.730357
 73 1.760357
 74 1.680000
 75 1.790357
 76 1.770000
 77 1.823571
 78 1.800000
 79 1.780714
 80 1.770000
 81 1.812857
 82 1.747500
 83 1.749643
 84 1.770000
 85 1.853571
 86 1.733571
 87 1.650000
 88 1.703571
 89 1.770000
 90 1.759286
 91 1.696071
 92 1.743214
 93 1.670357
 94 2255.948571
 95 2.786786
 96 2.005714
 97 1.873929
 98 1.966071
 99 1.946786
100 1.930714
101 1.856786
102 1.855714
103 1.873929
104 1.870714
105 1.869643
106 1.766786
107 1.863214
108 1.777500
109 1.842857
110 1.803214
111 1.923214
112 1.809643
113 1.842857
114 1.783929
115 1.800000
116 1.706786
117 1.783929
118 1.863214
119 1.779643
120 1.759286
121 1.759286
122 1.813929
123 1.809643
124 1.749643
125 1.833214
126 3621.013929
127 2.610000
128 1.907143
129 1.823571
130 1.806429
131 1.883571
132 1.800000
133 1.872857
134 1.823571
135 1.853571
136 1.923214
137 1.830000
138 1.837500
139 1.847143
140 1.830000
141 1.729286
142 1.796786
143 1.873929
144 1.733571
145 1.852500
146 1.800000
147 1.836429
148 1.807500
149 1.800000
150 1.803214
151 1.790357
152 1.823571
153 1.847143
154 1.800000
155 1.803214
156 1.779643
157 1.752857
158 2290.840714
159 2.592857
160 1.773214
161 1.890000
162 1.853571
163 1.872857
164 1.736786
165 1.882500
166 1.840714
167 1.860000
168 1.820357
169 1.860000
170 1.803214
171 1.806429
172 1.793571
173 1.800000
174 1.803214
175 1.779643
176 1.770000
177 1.869643
178 1.826786
179 1.849286
180 1.700357
181 1.800000
182 1.819286
183 1.776429
184 1.852500
185 1.806429
186 1.847143
187 1.840714
188 1.860000
189 1.763571
190 2259.264643
191 2.616429
192 1.950000
193 1.893214
194 1.900714
195 1.920000
196 1.800000
197 1.672500
198 1.763571
199 36.519643
200 2.260714
