  1 478.883571
  2 531.430714
  3 37.599643
  4 1.992857
  5 1.763571
  6 606.663214
  7 2.276786
  8 1.743214
  9 1.673571
 10 1.823571
 11 1.776429
 12 1.809643
 13 1.790357
 14 508.556786
 15 2.486786
 16 1.877143
 17 1.834286
 18 1.763571
 19 1.809643
 20 1.759286
 21 1.730357
 22 1.680000
 23 1.699286
 24 1.796786
 25 1.766786
 26 1.803214
 27 1.786071
 28 1.702500
 29 1.830000
 30 519.660000
 31 2.373214
 32 1.876071
 33 1.792500
 34 1.743214
 35 1.653214
 36 1.926429
 37 1.690714
 38 1.616786
 39 1.700357
 40 1.663929
 41 1.623214
 42 1.820357
 43 1.640357
 44 1.609286
 45 1.670357
 46 1.710000
 47 1.746429
 48 1.740000
 49 1.719643
 50 1.696071
 51 1.610357
 52 1.620000
 53 1.699286
 54 1.616786
 55 1.673571
 56 1.640357
 57 1.723929
 58 1.736786
 59 1.750714
 60 1.736786
 61 1.750714
 62 570.166071
 63 2.356071
 64 1.843929
 65 1.782857
 66 1.822500
 67 1.683214
 68 1.756071
 69 1.752857
 70 1.673571
 71 1.790357
 72 1.680000
 73 1.777500
 74 1.703571
 75 1.787143
 76 1.782857
 77 1.630714
 78 1.659643
 79 1.703571
 80 1.740000
 81 1.740000
 82 1.626429
 83 1.705714
 84 1.626429
 85 1.730357
 86 1.756071
 87 1.752857
 88 1.646786
 89 1.650000
 90 1.893214
 91 1.637143
 92 1.723929
 93 1.736786
 94 561.290357
 95 2.586429
 96 1.966071
 97 1.842857
 98 1.819286
 99 1.820357
100 1.690714
101 1.840714
102 1.765714
103 1.692857
104 1.684286
105 1.766786
106 1.616786
107 1.626429
108 1.806429
109 1.803214
110 1.776429
111 1.650000
112 1.653214
113 1.902857
114 1.770000
115 1.686429
116 1.667143
117 1.763571
118 1.826786
119 1.683214
120 1.673571
121 1.646786
122 1.803214
123 1.770000
124 1.646786
125 1.620000
126 552.400714
127 2.506071
128 1.860000
129 1.937143
130 1.849286
131 1.773214
132 1.719643
133 1.689643
134 1.783929
135 1.813929
136 1.786071
137 1.706786
138 1.656429
139 1.730357
140 1.637143
141 1.809643
142 1.813929
143 1.826786
144 1.823571
145 1.800000
146 1.736786
147 1.710000
148 1.736786
149 1.886786
150 1.770000
151 1.795714
152 1.730357
153 1.756071
154 1.746429
155 1.776429
156 1.753929
157 1.893214
158 568.323214
159 2.599286
160 1.886786
161 1.886786
162 1.836429
163 1.676786
164 1.777500
165 1.790357
166 1.752857
167 1.659643
168 1.663929
169 1.819286
170 1.756071
171 1.733571
172 1.770000
173 1.643571
174 1.749643
175 1.779643
176 1.850357
177 1.743214
178 1.639286
179 1.823571
180 1.626429
181 1.630714
182 1.705714
183 1.613571
184 1.853571
185 1.637143
186 1.736786
187 1.676786
188 1.740000
189 1.637143
190 551.916429
191 2.379643
192 1.963929
193 1.752857
194 1.782857
195 1.763571
196 1.793571
197 1.763571
198 1.766786
199 1.757143
200 1.683214
