  1 444.147857
  2 465.118929
  3 38.357143
  4 2.242500
  5 2.013214
  6 531.743571
  7 2.486786
  8 1.847143
  9 1.886786
 10 1.806429
 11 1.853571
 12 1.902857
 13 1.850357
 14 391.313571
 15 2.439643
 16 1.793571
 17 1.893214
 18 1.870714
 19 1.980000
 20 1.966071
 21 1.886786
 22 1.946786
 23 1.837500
 24 2.014286
 25 1.896429
 26 1.902857
 27 1.909286
 28 1.993929
 29 1.860000
 30 640.620000
 31 2.460000
 32 1.926429
 33 1.847143
 34 1.740000
 35 1.872857
 36 1.873929
 37 1.809643
 38 1.834286
 39 1.826786
 40 1.809643
 41 1.787143
 42 1.803214
 43 1.722857
 44 1.790357
 45 1.793571
 46 1.727143
 47 1.796786
 48 1.800000
 49 1.683214
 50 1.752857
 51 1.770000
 52 1.777500
 53 1.863214
 54 1.783929
 55 1.714286
 56 1.856786
 57 1.787143
 58 1.722857
 59 1.743214
 60 1.736786
 61 1.766786
 62 437.709643
 63 2.513571
 64 2.013214
 65 1.853571
 66 1.983214
 67 1.852500
 68 1.783929
 69 1.803214
 70 1.886786
 71 1.763571
 72 1.876071
 73 1.790357
 74 1.733571
 75 1.722857
 76 1.817143
 77 1.826786
 78 1.746429
 79 1.740000
 80 1.864286
 81 1.773214
 82 1.780714
 83 1.800000
 84 27.159643
 85 1.953214
 86 1.809643
 87 1.910357
 88 1.840714
 89 1.817143
 90 1.817143
 91 1.803214
 92 1.790357
 93 1.816071
 94 740.797500
 95 2.510357
 96 2.000357
 97 1.823571
 98 1.876071
 99 1.929643
100 1.787143
101 1.833214
102 1.750714
103 1.870714
104 1.863214
105 1.867500
106 1.823571
107 1.860000
108 1.940357
109 1.812857
110 1.740000
111 1.853571
112 1.863214
113 1.842857
114 1.710000
115 1.703571
116 1.703571
117 1.823571
118 1.817143
119 1.800000
120 1.774286
121 1.800000
122 1.747500
123 1.766786
124 1.822500
125 1.849286
126 476.548929
127 2.469643
128 4.070357
129 1.783929
130 1.870714
131 1.873929
132 1.886786
133 1.860000
134 1.860000
135 1.830000
136 1.870714
137 1.992857
138 1.897500
139 1.776429
140 1.863214
141 1.757143
142 1.886786
143 1.837500
144 1.853571
145 1.763571
146 1.863214
147 1.813929
148 1.883571
149 1.877143
150 1.886786
151 1.890000
152 1.842857
153 1.763571
154 1.713214
155 1.736786
156 1.820357
157 1.809643
158 474.874286
159 2.586429
160 2.050714
161 1.756071
162 1.893214
163 1.770000
164 1.902857
165 1.819286
166 1.796786
167 1.833214
168 1.856786
169 1.763571
170 1.830000
171 1.823571
172 1.817143
173 1.820357
174 1.817143
175 1.720714
176 1.806429
177 1.719643
178 1.727143
179 1.710000
180 1.749643
181 2.002500
182 1.880357
183 1.850357
184 1.782857
185 1.749643
186 1.730357
187 1.743214
188 1.800000
189 1.676786
190 5860.423929
191 2.460000
192 2.090357
193 1.879286
194 1.893214
195 1.869643
196 1.883571
197 1.830000
198 1.833214
199 1.842857
200 2.000357
