  1 405.961071
  2 412.562143
  3 38.919643
  4 2.193214
  5 1.864286
  6 480.091071
  7 2.276786
  8 2.002500
  9 1.976786
 10 1.900714
 11 1.932857
 12 1.842857
 13 1.923214
 14 340.117500
 15 2.370000
 16 1.943571
 17 1.939286
 18 1.730357
 19 1.883571
 20 1.873929
 21 1.870714
 22 1.907143
 23 2.063571
 24 2.202857
 25 1.939286
 26 1.916786
 27 1.860000
 28 1.923214
 29 1.893214
 30 551.870357
 31 2.396786
 32 1.907143
 33 2.019643
 34 1.927500
 35 2.043214
 36 1.773214
 37 1.856786
 38 1.749643
 39 1.906071
 40 1.916786
 41 1.843929
 42 1.826786
 43 1.840714
 44 1.876071
 45 1.823571
 46 1.787143
 47 1.800000
 48 1.800000
 49 1.823571
 50 1.800000
 51 1.736786
 52 1.820357
 53 1.683214
 54 1.700357
 55 1.730357
 56 1.782857
 57 1.773214
 58 1.843929
 59 1.809643
 60 1.706786
 61 1.803214
 62 347.250000
 63 2.370000
 64 1.823571
 65 1.872857
 66 1.866429
 67 1.830000
 68 1.830000
 69 1.932857
 70 1.916786
 71 1.907143
 72 1.780714
 73 1.883571
 74 36.710357
 75 2.100000
 76 1.867500
 77 1.752857
 78 1.757143
 79 1.757143
 80 1.840714
 81 1.843929
 82 1.735714
 83 1.823571
 84 87.246429
 85 2.284286
 86 1.816071
 87 1.872857
 88 1.866429
 89 1.823571
 90 1.833214
 91 1.880357
 92 1.847143
 93 1.822500
 94 698.718214
 95 2.503929
 96 1.903929
 97 1.816071
 98 1.872857
 99 1.806429
100 1.900714
101 1.890000
102 1.733571
103 1.866429
104 1.699286
105 1.766786
106 1.680000
107 1.773214
108 1.795714
109 1.749643
110 1.673571
111 1.793571
112 1.766786
113 1.756071
114 1.666071
115 1.830000
116 1.763571
117 1.779643
118 1.733571
119 1.689643
120 1.666071
121 1.773214
122 1.766786
123 1.746429
124 1.689643
125 1.746429
126 499.348929
127 2.526429
128 1.916786
129 1.793571
130 1.706786
131 1.714286
132 1.773214
133 1.643571
134 1.759286
135 1.653214
136 1.820357
137 1.770000
138 1.776429
139 1.727143
140 1.692857
141 1.913571
142 1.830000
143 1.810714
144 1.803214
145 1.722857
146 1.812857
147 1.793571
148 1.820357
149 1.736786
150 1.792500
151 1.803214
152 1.800000
153 1.826786
154 1.833214
155 1.760357
156 1.803214
157 1.950000
158 490.962857
159 2.496429
160 1.897500
161 1.842857
162 1.770000
163 1.810714
164 1.842857
165 1.687500
166 1.812857
167 1.663929
168 1.776429
169 1.796786
170 1.673571
171 1.782857
172 1.740000
173 1.763571
174 1.766786
175 1.787143
176 1.766786
177 1.703571
178 1.689643
179 1.692857
180 1.753929
181 1.650000
182 1.689643
183 1.646786
184 1.643571
185 1.782857
186 1.762500
187 1.782857
188 1.726071
189 1.776429
190 483.682500
191 2.469643
192 1.916786
193 1.726071
194 1.776429
195 1.820357
196 1.896429
197 1.847143
198 1.766786
199 1.866429
200 1.837500
