0 222.390000
512 2.586429
1024 0.892500
1536 0.789643
2048 0.746786
2560 0.729643
3072 0.726429
3584 0.723214
4096 316.899643
4608 1.392857
5120 0.750000
5632 0.727500
6144 0.732857
6656 0.732857
7168 0.723214
7680 0.730714
8192 298.263214
8704 1.380000
9216 0.769286
9728 0.733929
0 187.996071
512 1.520357
1024 0.792857
1536 0.633214
2048 0.623571
2560 0.619286
3072 0.626786
3584 0.633214
4096 259.286786
4608 1.103571
5120 0.653571
5632 0.626786
6144 0.690000
6656 0.712500
7168 0.690000
7680 0.693214
8192 310.071429
8704 1.007143
9216 0.647143
9728 0.633214
0 331.048929
512 1.536429
1024 0.753214
1536 0.679286
2048 0.683571
2560 0.663214
3072 0.660000
3584 0.653571
4096 248.352857
4608 1.147500
5120 0.723214
5632 0.703929
6144 0.686786
6656 0.672857
7168 0.672857
7680 0.673929
8192 328.398214
8704 1.373571
9216 0.840000
9728 0.786429
0 218.043214
512 1.689643
1024 0.786429
1536 0.690000
2048 0.796071
2560 0.666429
3072 0.789643
3584 0.669643
4096 226.459286
4608 1.444286
5120 0.699643
5632 0.823929
6144 0.679286
6656 0.799286
7168 0.680357
7680 0.800357
8192 271.826786
8704 1.256786
9216 0.690000
9728 0.699643
0 189.315000
512 1.072500
1024 0.602500
1536 0.515000
2048 0.512500
2560 0.510000
3072 0.512500
3584 0.510000
4096 305.885000
4608 0.872500
5120 0.617500
5632 0.545000
6144 35.720000
6656 0.605000
7168 0.560000
7680 0.552500
8192 379.238214
8704 0.926786
9216 0.642857
9728 0.649286
0 334.329643
512 1.419643
1024 0.763929
1536 0.760714
2048 0.669643
2560 0.639643
3072 0.642857
3584 0.642857
4096 359.782500
4608 1.176429
5120 0.716786
5632 0.680357
6144 0.660000
6656 0.653571
7168 0.646071
7680 0.646071
8192 354.939643
8704 1.036071
9216 0.660000
9728 0.669643
0 264.236786
512 1.440000
1024 0.789643
1536 0.679286
2048 0.672857
2560 0.666429
3072 0.666429
3584 0.670714
4096 417.450000
4608 1.337143
5120 0.720000
5632 0.666429
6144 0.636429
6656 0.636429
7168 0.636429
7680 0.636429
8192 442.524643
8704 1.269643
9216 0.716786
9728 0.686786
0 279.416786
512 1.560000
1024 0.803571
1536 0.670714
2048 0.653571
2560 0.660000
3072 0.646071
3584 0.655714
4096 276.946071
4608 1.252500
5120 0.682500
5632 0.650357
6144 0.656786
6656 0.650357
7168 0.656786
7680 0.646071
8192 338.582143
8704 1.204286
9216 0.723214
9728 0.666429
0 96.415714
512 0.516429
1024 0.287143
1536 0.247500
2048 0.250714
2560 0.255000
3072 0.234643
3584 0.241071
4096 170.496429
4608 0.463929
5120 0.285000
5632 0.283929
6144 0.280714
6656 0.278571
7168 0.276429
7680 0.276429
8192 256.732500
8704 1.002857
9216 0.702857
9728 0.672857
0 335.016429
512 1.463571
1024 0.740357
1536 0.626786
2048 0.622500
2560 0.617143
3072 0.609643
3584 0.609643
4096 361.662857
4608 1.132500
5120 0.676071
5632 0.650357
6144 0.633214
6656 0.637500
7168 0.636429
7680 0.636429
8192 349.283571
8704 1.069286
9216 0.617143
9728 0.609643
0 290.410714
512 1.683214
1024 0.760714
1536 0.655714
2048 0.634286
2560 0.637500
3072 0.633214
3584 0.636429
4096 375.625714
4608 1.272857
5120 0.690000
5632 0.660000
6144 0.656786
6656 0.649286
7168 0.650357
7680 0.653571
8192 320.985000
8704 1.113214
9216 0.652500
9728 0.660000
0 339.571071
512 1.460357
1024 0.713571
1536 0.636429
2048 0.636429
2560 0.612857
3072 0.610714
3584 0.609643
4096 368.419286
4608 1.170000
5120 0.724286
5632 0.723214
6144 0.690000
6656 0.690000
7168 0.686786
7680 0.679286
8192 414.319286
8704 1.263214
9216 0.707143
9728 0.667500
0 277.450714
512 1.443214
1024 1.113214
1536 0.663214
2048 0.806786
2560 0.712500
3072 0.666429
3584 0.666429
4096 338.583214
4608 1.212857
5120 0.696429
5632 0.713571
6144 0.702857
6656 0.716786
7168 0.703929
7680 0.702857
8192 383.329286
8704 1.056429
9216 0.773571
9728 0.709286
0 218.516786
512 1.560000
1024 0.723214
1536 0.663214
2048 0.666429
2560 0.679286
3072 0.667500
3584 0.669643
4096 212.385000
4608 0.482143
5120 0.285000
5632 0.281786
6144 0.432857
6656 0.248571
7168 0.246429
7680 0.250714
8192 112.900714
8704 0.437143
9216 0.267857
9728 0.270000
0 269.070000
512 1.446429
1024 0.822857
1536 0.726429
2048 0.790714
2560 0.703929
3072 0.690000
3584 0.693214
4096 342.720000
4608 1.280357
5120 0.683571
5632 0.636429
6144 0.642857
6656 0.630000
7168 0.623571
7680 0.623571
8192 363.093214
8704 1.103571
9216 0.716786
9728 0.700714
0 386.565000
512 1.549286
1024 0.816429
1536 0.720000
2048 0.715714
2560 0.700714
3072 0.700714
3584 0.693214
4096 443.665714
4608 1.380000
5120 0.836786
5632 0.729643
6144 0.706071
6656 0.706071
7168 0.702857
7680 0.703929
8192 421.258929
8704 1.250357
9216 0.720000
9728 0.666429
0 258.346071
512 1.680000
1024 0.840000
1536 0.776786
2048 0.730714
2560 0.707143
3072 0.707143
3584 0.707143
4096 317.276786
4608 1.086429
5120 0.756429
5632 0.732857
6144 0.693214
6656 0.707143
7168 0.700714
7680 0.700714
8192 352.316786
8704 1.053214
9216 0.743571
9728 0.703929
0 347.386071
512 1.580357
1024 0.787500
1536 0.677143
2048 0.693214
2560 0.666429
3072 0.650357
3584 0.660000
4096 356.350714
4608 1.163571
5120 0.673929
5632 0.672857
6144 0.666429
6656 0.670714
7168 0.650357
7680 0.666429
8192 375.312857
8704 1.297500
9216 0.713571
9728 0.666429
0 176.647500
512 1.643571
1024 0.756429
1536 0.683571
2048 0.676071
2560 0.612857
3072 0.626786
3584 0.630000
4096 225.129643
4608 1.332857
5120 0.660000
5632 0.696429
6144 0.706071
6656 0.693214
7168 0.663214
7680 0.683571
8192 252.510000
8704 1.067143
9216 0.656786
9728 0.640714
