32 17.205494
64 22.418623
96 24.431173
128 29.325401
160 35.543826
192 41.269057
224 48.258094
256 59.864824
288 64.059250
320 65.918986
352 74.774495
384 81.064926
416 92.954277
448 92.447740
480 96.823026
512 98.332225
544 112.095881
576 121.715103
608 120.590853
640 132.146298
672 140.516039
704 151.068583
736 155.196716
768 156.342724
800 156.687131
832 161.912038
864 167.539554
896 172.285150
928 174.546597
960 186.456211
992 197.773108
1024 195.488653
1056 212.252776
1088 218.475102
1120 226.602147
1152 235.802901
1184 226.073734
1216 228.847567
1248 234.936481
1280 256.614244
1312 257.687302
1344 251.448612
1376 261.510149
1408 267.457305
1440 295.610144
1472 306.317651
1504 297.441430
1536 305.389057
1568 315.071269
1600 317.448830
1632 310.731183
1664 323.324658
1696 322.463868
1728 335.684428
1760 330.978944
1792 337.273857
1824 357.756493
1856 355.453944
1888 376.685490
1920 359.940296
1952 379.271038
1984 370.748609
2016 412.507289
2048 391.706725
2080 413.578722
2112 414.821686
2144 417.675181
2176 405.725164
2208 410.277812
2240 429.283531
2272 449.304594
2304 439.119174
2336 442.691711
2368 451.764852
2400 469.312888
2432 493.411685
2464 471.347775
2496 494.498488
2528 473.815095
2560 478.019955
2592 520.643657
2624 487.788976
2656 491.585441
2688 508.959307
2720 508.384694
2752 538.726875
2784 525.061289
2816 546.943086
2848 529.834880
2880 532.272133
2912 539.167582
2944 537.322108
2976 568.996270
3008 592.566140
3040 561.620862
3072 567.077365
3104 578.001680
3136 572.147307
3168 593.668616
3200 620.797754
3232 604.964620
3264 602.583155
3296 644.788007
3328 608.719715
3360 613.887559
3392 810.117285
3424 1046.812407
3456 1550.125075
3488 1853.046797
3520 2380.463475
3552 2308.948025
3584 2644.470566
3616 2438.965405
3648 2011.591527
3680 2156.936685
3712 2140.216864
3744 2139.641898
3776 2247.089298
3808 2401.572015
3840 2274.922858
3872 2335.128588
3904 2387.266324
3936 2423.161052
3968 2363.322515
4000 2421.802940
4032 2470.862105
4064 2478.166788
4096 2623.460389
