32 9.772095
64 16.597321
96 28.048953
128 32.584602
160 34.580260
192 44.497583
224 56.617588
256 57.151024
288 57.425139
320 67.016072
352 71.206414
384 75.215595
416 90.590787
448 95.606198
480 95.175425
512 104.017778
544 108.662402
576 112.355943
608 119.977844
640 128.859202
672 130.930139
704 142.152275
736 145.261817
768 147.535324
800 158.389160
832 163.111279
864 169.624465
896 175.277136
928 178.886993
960 183.408573
992 204.682239
1024 202.061579
1056 202.063527
1088 206.800036
1120 221.761775
1152 224.586711
1184 230.740216
1216 233.829966
1248 237.421048
1280 236.819103
1312 257.472442
1344 252.359455
1376 255.547654
1408 296.629453
1440 294.863061
1472 280.950015
1504 281.995916
1536 289.573730
1568 291.679875
1600 301.067819
1632 306.320922
1664 338.879713
1696 322.558826
1728 333.845248
1760 327.941577
1792 337.766036
1824 346.942113
1856 345.996823
1888 349.787163
1920 362.649785
1952 361.036588
1984 371.624424
2016 379.987887
2048 382.720023
2080 388.210294
2112 389.623680
2144 394.757180
2176 424.540378
2208 400.406536
2240 414.090472
2272 417.344778
2304 432.971596
2336 427.148588
2368 442.024219
2400 440.936244
2432 460.310505
2464 458.513207
2496 457.041856
2528 463.408217
2560 469.001356
2592 482.771019
2624 485.747156
2656 487.555262
2688 499.472374
2720 505.067405
2752 510.529082
2784 515.631948
2816 517.540287
2848 567.489463
2880 529.984570
2912 532.805090
2944 563.539264
2976 540.823168
3008 549.897350
3040 561.681738
3072 558.330291
3104 566.135234
3136 577.722740
3168 613.685199
3200 585.234855
3232 593.153244
3264 595.007230
3296 617.705316
3328 609.137326
3360 624.400811
3392 628.781776
3424 627.638215
3456 640.232412
3488 642.055305
3520 641.663417
3552 650.179594
3584 659.844636
3616 661.949273
3648 665.294667
3680 675.569510
3712 678.114156
3744 689.879649
3776 696.577396
3808 693.561882
3840 700.681361
3872 703.926501
3904 721.454097
3936 723.837327
3968 724.280429
4000 731.907392
4032 742.419200
4064 743.551622
4096 752.717774
4128 751.657521
4160 756.961962
4192 771.258668
4224 773.654511
4256 824.417325
4288 782.978774
4320 788.690054
4352 799.121903
4384 810.106134
4416 802.140047
4448 815.625072
4480 813.478999
4512 827.392144
4544 850.593779
4576 834.435381
4608 838.922763
4640 846.791076
4672 846.540060
4704 863.894768
4736 859.173551
4768 870.137403
4800 880.480050
4832 937.708423
4864 886.008986
4896 895.448592
4928 901.160951
4960 902.851893
4992 915.846603
5024 914.984022
5056 915.331515
5088 925.512911
5120 931.986169
5152 987.123909
5184 939.324264
5216 948.364668
5248 954.738287
5280 966.055406
5312 981.001408
5344 972.356691
5376 978.984723
5408 991.128649
5440 989.125683
5472 993.346865
5504 996.140035
5536 1007.583856
5568 1143.769595
5600 1367.511143
5632 1393.808905
5664 1525.395820
5696 1923.160300
5728 7294.843164
5760 3979.560694
5792 3498.675462
5824 3853.004135
5856 3793.117103
5888 6256.136004
5920 3774.169044
5952 3884.036398
5984 3853.529211
6016 4071.147204
6048 4073.350292
6080 3945.202595
