32 10.072412
64 20.633732
96 24.673375
128 32.531013
160 39.768438
192 46.234610
224 50.634026
256 59.103964
288 65.694728
320 71.332476
352 71.762583
384 83.611294
416 81.271434
448 88.682199
480 103.109778
512 107.395420
544 109.637455
576 119.192073
608 118.670573
640 131.545091
672 129.371802
704 137.356032
736 144.982887
768 157.895195
800 165.784807
832 155.653708
864 163.191168
896 182.792472
928 175.000179
960 177.967214
992 187.054615
1024 205.921300
1056 208.662337
1088 224.659596
1120 234.390879
1152 223.202123
1184 228.843920
1216 232.688883
1248 240.254870
1280 248.678087
1312 256.714258
1344 255.208749
1376 265.571079
1408 270.319188
1440 272.126771
1472 277.670180
1504 293.763478
1536 285.807631
1568 310.038714
1600 316.814936
1632 303.864156
1664 312.923874
1696 323.736036
1728 330.329682
1760 334.024144
1792 359.520443
1824 344.825049
1856 352.380870
1888 356.525214
1920 358.932547
1952 375.273630
1984 396.180651
2016 394.991472
2048 384.596919
2080 399.175577
2112 397.134077
2144 398.654610
2176 407.219335
2208 413.628261
2240 415.900986
2272 414.083972
2304 430.680803
2336 438.969452
2368 458.299757
2400 451.005744
2432 449.649726
2464 457.980496
2496 459.197043
2528 468.003010
2560 471.746023
2592 480.003910
2624 481.064279
2656 506.815462
2688 499.033850
2720 498.985854
2752 521.413186
2784 518.855004
2816 519.468934
2848 525.631757
2880 530.025204
2912 537.306788
2944 546.900559
2976 555.824622
3008 549.395928
3040 560.282155
3072 584.453106
3104 568.579573
3136 568.933652
3168 583.156090
3200 631.878644
3232 622.534305
3264 600.424644
3296 608.031282
3328 610.888869
3360 629.579402
3392 636.641995
3424 645.849812
3456 629.604775
3488 646.170952
3520 647.462172
3552 649.589539
3584 657.340932
3616 660.645172
3648 667.005894
3680 673.988536
3712 683.671158
3744 686.295665
3776 698.534223
3808 696.022388
3840 705.408473
3872 703.332298
3904 716.803563
3936 724.087151
3968 727.554387
4000 734.572304
4032 734.160884
4064 747.574127
4096 754.552638
4128 753.897446
4160 756.676748
4192 758.897961
4224 771.857780
4256 773.754411
4288 781.252113
4320 783.323057
4352 790.889910
4384 801.444740
4416 846.406552
4448 821.191151
4480 828.320836
4512 820.862591
4544 824.763256
4576 833.768876
4608 838.715677
4640 852.456900
4672 845.843335
4704 911.528407
4736 864.773684
4768 870.143298
4800 873.738355
4832 883.566926
4864 887.773714
4896 886.705843
4928 895.181970
4960 892.704056
4992 898.380021
5024 916.166075
5056 913.051257
5088 917.515224
5120 933.179375
5152 933.254764
5184 939.042135
5216 941.354509
5248 972.725488
5280 961.635775
5312 961.798052
5344 965.627451
5376 974.606166
5408 984.220615
5440 987.684188
5472 986.178243
5504 995.548396
5536 998.949408
5568 1001.970631
5600 2582.243676
5632 1262.321089
5664 1524.653192
5696 4338.021675
5728 4245.782990
5760 2800.096278
5792 3708.571827
5824 5516.187868
5856 6612.502276
5888 4513.211229
5920 3880.488559
5952 3495.491000
5984 3668.714442
6016 3867.067929
6048 3757.224344
6080 3727.298224
