32 16.494604
64 17.390556
96 31.576490
128 35.702979
160 44.004165
192 45.563981
224 54.858235
256 56.366676
288 61.674539
320 76.660016
352 74.731407
384 85.024364
416 83.826267
448 94.499013
480 101.840491
512 104.474006
544 111.792937
576 115.956684
608 120.169774
640 131.497883
672 135.255413
704 148.685099
736 144.070986
768 150.203936
800 157.466169
832 164.974686
864 178.715427
896 175.943375
928 182.286238
960 189.928019
992 201.603112
1024 218.754354
1056 214.844878
1088 212.638365
1120 220.641475
1152 222.584542
1184 243.745378
1216 234.060096
1248 246.677881
1280 263.524074
1312 260.944366
1344 259.446223
1376 268.142579
1408 274.972482
1440 292.411989
1472 282.637497
1504 293.323240
1536 306.583750
1568 332.224803
1600 316.483497
1632 327.401785
1664 317.922071
1696 321.053135
1728 341.434094
1760 333.119402
1792 356.417534
1824 379.349632
1856 365.653645
1888 374.223063
1920 364.021745
1952 373.201932
1984 385.125107
2016 384.955810
2048 400.037395
2080 417.387105
2112 401.334177
2144 405.646475
2176 416.525241
2208 420.149308
2240 451.832906
2272 449.462856
2304 448.690421
2336 440.972407
2368 451.707776
2400 463.398171
2432 465.701309
2464 478.614327
2496 475.413179
2528 476.319277
2560 486.158037
2592 496.927828
2624 499.506528
2656 501.023720
2688 526.047508
2720 525.519928
2752 522.887989
2784 529.734168
2816 538.852690
2848 539.786535
2880 549.227900
2912 557.049032
2944 592.256255
2976 559.362437
3008 569.285701
3040 577.983693
3072 587.347820
3104 590.790994
3136 592.771291
3168 599.988850
3200 610.970834
3232 612.905528
3264 619.152698
3296 624.861049
3328 640.050739
3360 634.186600
3392 655.806662
3424 645.048622
3456 656.624189
3488 655.576454
3520 672.413407
3552 677.264953
3584 681.165006
3616 683.317479
3648 684.433530
3680 706.003699
3712 707.515134
3744 706.589224
3776 716.733459
3808 723.348107
3840 734.619619
3872 731.397779
3904 751.067679
3936 747.265531
3968 752.397991
4000 761.120414
4032 769.630846
4064 768.851293
4096 785.501858
4128 778.220793
4160 778.748776
4192 811.696318
4224 793.957861
4256 807.206043
4288 807.141149
4320 813.406860
4352 824.086188
4384 840.024187
4416 832.976516
4448 836.655108
4480 836.861425
4512 842.419316
4544 855.989121
4576 865.310135
4608 866.793208
4640 871.556272
4672 885.671664
4704 889.563859
4736 893.295092
4768 892.718936
4800 907.986171
4832 904.713715
4864 918.185262
4896 921.810344
4928 933.708222
4960 937.060099
4992 938.765059
5024 949.978635
5056 950.646781
5088 967.165178
5120 964.129051
5152 968.997051
5184 977.240030
5216 978.589265
5248 986.803337
5280 997.798254
5312 995.789855
5344 1011.778156
5376 1028.304249
5408 1082.087540
5440 1021.479801
5472 1028.769889
5504 1036.909013
5536 1036.747948
5568 1046.136911
5600 1153.114931
5632 1314.882025
5664 1535.770903
5696 4017.400674
5728 3104.250114
5760 2500.755784
5792 4730.967225
5824 6408.088183
5856 4087.048277
5888 3588.001771
5920 3493.183350
5952 3685.789252
5984 6126.480460
6016 4000.050958
6048 9770.358581
6080 4498.678778
