32 13.133211
64 21.901266
96 29.774091
128 31.975104
160 44.274825
192 42.128711
224 50.629483
256 57.283032
288 65.332538
320 72.612511
352 72.906882
384 83.575479
416 82.416857
448 91.277807
480 94.865431
512 101.691945
544 107.996623
576 126.665721
608 132.067914
640 123.687883
672 133.385135
704 141.785748
736 143.421160
768 164.818376
800 157.744006
832 172.410024
864 167.884024
896 174.114025
928 177.955168
960 185.521966
992 201.433207
1024 199.232352
1056 208.829250
1088 207.922271
1120 221.925072
1152 231.666526
1184 224.064318
1216 244.540396
1248 234.223985
1280 249.912144
1312 258.241565
1344 261.974511
1376 260.000224
1408 265.138341
1440 274.894289
1472 271.304021
1504 296.899495
1536 289.069023
1568 295.958255
1600 315.780697
1632 307.621617
1664 318.763272
1696 324.146599
1728 328.057851
1760 332.289707
1792 335.370184
1824 347.916981
1856 362.107711
1888 351.546590
1920 365.927642
1952 365.063101
1984 371.543683
2016 377.499500
2048 379.753939
2080 387.047947
2112 391.240915
2144 398.025889
2176 418.550457
2208 412.150868
2240 416.643492
2272 426.463391
2304 439.609885
2336 433.871277
2368 446.806587
2400 444.997334
2432 452.748080
2464 464.309470
2496 466.641477
2528 469.014556
2560 483.695791
2592 478.739571
2624 496.594274
2656 497.444890
2688 497.896785
2720 512.054064
2752 508.769496
2784 514.758714
2816 522.195865
2848 528.541196
2880 536.749447
2912 530.454574
2944 541.473205
2976 549.282844
3008 553.529600
3040 563.873541
3072 608.767984
3104 597.261942
3136 575.725401
3168 611.643543
3200 587.805507
3232 591.434165
3264 617.658855
3296 609.065049
3328 611.972229
3360 617.011938
3392 618.964580
3424 631.941245
3456 635.439186
3488 644.351026
3520 658.162245
3552 659.360691
3584 661.628123
3616 678.627793
3648 665.726951
3680 676.826554
3712 682.958239
3744 686.129558
3776 694.383259
3808 697.318071
3840 702.039897
3872 710.933441
3904 719.134398
3936 719.308112
3968 768.870358
4000 732.720645
4032 739.766316
4064 743.698870
4096 752.422019
4128 753.854473
4160 762.541798
4192 765.698354
4224 771.643824
4256 776.939050
4288 786.346623
4320 791.604990
4352 797.204261
4384 798.223716
4416 806.088661
4448 815.941622
4480 820.387937
4512 815.072828
4544 829.865855
4576 835.247487
4608 845.749575
4640 847.757259
4672 855.027798
4704 855.224436
4736 865.035450
4768 868.132279
4800 873.284594
4832 892.314663
4864 880.364398
4896 904.007987
4928 900.057741
4960 905.442905
4992 917.260861
5024 933.048284
5056 923.050671
5088 925.273035
5120 938.502760
5152 935.782089
5184 942.812251
5216 948.902840
5248 950.141266
5280 958.761625
5312 963.235425
5344 965.745226
5376 979.255533
5408 983.306827
5440 985.888603
5472 993.039847
5504 1056.755194
5536 1001.021539
5568 1004.180921
5600 1231.935103
5632 2833.098350
5664 2113.628105
5696 2650.519378
5728 6815.751001
5760 3538.262059
5792 2901.480206
5824 6331.287354
5856 4218.298315
5888 3587.093371
5920 3507.694568
5952 3703.257188
5984 3757.497539
6016 3892.580896
6048 3918.344653
6080 3744.251896
