32 18.771395
64 17.499979
96 26.556914
128 33.808083
160 43.790958
192 48.125021
224 62.210193
256 60.221358
288 66.626122
320 75.862361
352 79.349217
384 89.961273
416 102.782394
448 109.139297
480 121.153263
512 116.789983
544 127.467094
576 129.515641
608 142.615531
640 149.513514
672 166.445139
704 160.537632
736 203.606694
768 170.240190
800 234.297010
832 319.899464
864 179.716275
896 191.082915
928 184.526199
960 192.999575
992 191.292070
1024 217.945355
1056 211.368179
1088 223.056912
1120 219.612162
1152 242.981887
1184 234.243467
1216 241.053804
1248 254.766641
1280 250.527267
1312 265.930788
1344 261.400038
1376 281.116376
1408 269.681904
1440 284.980589
1472 293.660760
1504 286.395355
1536 306.903371
1568 296.031516
1600 333.038400
1632 332.239646
1664 332.453624
1696 318.039163
1728 329.182111
1760 346.328535
1792 334.083437
1824 362.347852
1856 349.261059
1888 352.115710
1920 360.898005
1952 367.494160
1984 369.746305
2016 378.964789
2048 419.185168
2080 387.889162
2112 405.111938
2144 433.247697
2176 404.889094
2208 411.846980
2240 446.763210
2272 419.934752
2304 426.173839
2336 458.269571
2368 457.336351
2400 466.919761
2432 477.405781
2464 456.225189
2496 505.966172
2528 501.881006
2560 506.296850
2592 510.742788
2624 498.140854
2656 505.313886
2688 523.549017
2720 536.463342
2752 513.188505
2784 514.867756
2816 563.838287
2848 517.735262
2880 566.654553
2912 536.883557
2944 576.960462
2976 583.183110
3008 560.981256
3040 555.500842
3072 561.438849
3104 571.550712
3136 585.004320
3168 612.512137
3200 628.581363
3232 627.371674
3264 600.590830
3296 595.151411
3328 605.488291
3360 638.037030
3392 651.896507
3424 790.264047
3456 883.894311
3488 1104.950140
3520 1438.812234
3552 1833.122437
3584 1964.712334
3616 2148.481485
3648 2208.942557
3680 2114.806809
3712 2198.001699
3744 2209.750332
3776 2270.766165
3808 2320.358569
3840 2274.033039
3872 2461.228945
3904 2467.094710
3936 2070.796272
3968 2223.959540
4000 2053.130353
4032 2311.043340
4064 2532.585407
4096 2350.861229
