1 21544.642500
2 685.972500
3 24.112500
4 1.095000
5 0.731786
6 206.260714
7 6.153214
8 3.909643
9 2.928214
10 2.825357
11 2.865000
12 2.802857
13 2.728929
14 1522.252500
15 3.561429
16 0.835714
17 0.823929
18 2.968929
19 0.775714
20 2.872500
21 2.809286
22 2.896071
23 0.770357
24 2.846786
25 2.800714
26 2.773929
27 2.818929
28 2.797500
29 2.844643
30 2367.970714
31 1.122857
32 0.768214
33 0.768214
34 3.424286
35 2.650714
36 2.776071
37 2.642143
38 2.749286
39 2.642143
40 18.572143
41 2.784643
42 2.601429
43 0.752143
44 2.890714
45 2.612143
46 0.811071
47 0.792857
48 0.808929
49 3.110357
50 2.727857
51 2.560714
52 2.692500
53 2.554286
54 0.827143
55 0.808929
56 0.892500
57 0.781071
58 2.854286
59 3.212143
60 0.859286
61 2.653929
62 2321.301429
63 1.245000
64 0.803571
65 1.037143
66 0.747857
67 0.819643
68 0.828214
69 0.729643
70 0.821786
71 0.778929
72 0.716786
73 5.811429
74 3.064286
75 2.709643
76 2.657143
77 3.138214
78 3.006429
79 2.981786
80 3.009643
81 2.613214
82 2.911071
83 2.851071
84 0.843214
85 0.841071
86 2.783571
87 2.898214
88 2.914286
89 2.528571
90 0.958929
91 0.925714
92 0.918214
93 0.806786
94 3541.533214
95 1.324286
96 0.951429
97 0.830357
98 0.833571
99 0.812143
100 0.773571
101 0.768214
102 0.805714
103 0.817500
104 0.872143
105 0.940714
106 6.071786
107 2.811429
108 2.676429
109 2.716071
110 0.822857
111 0.721071
112 2.683929
113 2.692500
114 0.823929
115 0.721071
116 2.880000
117 2.783571
118 0.805714
119 0.715714
120 9.596786
121 2.745000
122 2.643214
123 0.811071
124 0.727500
125 0.814286
126 2415.760714
127 5.439643
128 2.910000
129 4.909286
130 2.973214
131 2.813571
132 2.717143
133 2.576786
134 2.671071
135 2.916429
136 2.810357
137 2.798571
138 2.657143
139 2.902500
140 0.817500
141 2.930357
142 2.787857
143 2.822143
144 0.853929
145 0.735000
146 2.961429
147 0.775714
148 0.768214
149 0.708214
150 0.772500
151 0.776786
152 2.963571
153 2.742857
154 2.632500
155 2.787857
156 0.830357
157 2.741786
158 2315.224286
159 3.520714
160 2.691429
161 2.762143
162 2.808214
163 2.823214
164 2.843571
165 2.776071
166 2.817857
167 2.604643
168 2.937857
169 2.671071
170 2.661429
171 2.554286
172 2.704286
173 2.648571
174 2.626071
175 2.563929
176 2.645357
177 2.835000
178 2.603571
179 2.738571
180 2.720357
181 2.946429
182 0.842143
183 0.739286
184 2.773929
185 2.604643
186 2.707500
187 0.825000
188 2.798571
189 2.764286
190 2214.797143
191 3.566786
192 2.839286
193 2.741786
194 2.817857
195 2.903571
196 0.834643
197 2.962500
198 0.730714
199 2.839286
200 0.726429
1 110.163214
2 98.484643
3 19.268571
4 0.916071
5 3.124286
6 71.127857
7 4.753929
8 0.816429
9 0.799286
10 0.844286
11 0.776786
12 0.774643
13 2.910000
14 30.001071
15 3.027857
16 0.967500
17 0.917143
18 0.797143
19 0.841071
20 0.780000
21 0.859286
22 0.850714
23 0.811071
24 0.837857
25 0.784286
26 0.803571
27 0.821786
28 0.872143
29 0.877500
30 82.160357
31 1.123929
32 0.885000
33 0.883929
34 0.851786
35 0.778929
36 0.840000
37 0.849643
38 0.834643
39 0.835714
40 0.835714
41 1.412143
42 0.871071
43 0.796071
44 0.848571
45 0.841071
46 0.834643
47 0.765000
48 0.763929
49 0.829286
50 0.823929
51 0.808929
52 0.814286
53 0.805714
54 0.745714
55 0.815357
56 0.821786
57 0.743571
58 0.817500
59 0.751071
60 0.742500
61 0.812143
62 33.752143
63 1.056429
64 0.849643
65 0.846429
66 0.834643
67 0.767143
68 0.838929
69 0.787500
70 0.883929
71 0.898929
72 0.984643
73 0.793929
74 0.808929
75 0.819643
76 0.739286
77 0.857143
78 0.767143
79 0.806786
80 0.777857
81 0.745714
82 0.798214
83 0.789643
84 0.876429
85 0.736071
86 0.760714
87 0.791786
88 0.755357
89 0.785357
90 0.730714
91 0.909643
92 0.826071
93 0.807857
94 44.923929
95 0.973929
96 0.973929
97 0.878571
98 0.847500
99 0.845357
100 0.897857
101 0.799286
102 0.771429
103 0.887143
104 0.855000
105 0.915000
106 0.849643
107 0.907500
108 0.945000
109 0.828214
110 0.928929
111 0.873214
112 0.815357
113 0.947143
114 0.912857
115 0.798214
116 0.821786
117 1.061786
118 0.750000
119 0.877500
120 0.783214
121 0.770357
122 0.759643
123 0.831429
124 0.752143
125 0.866786
126 43.823571
127 0.945000
128 0.875357
129 0.882857
130 0.881786
131 0.857143
132 0.843214
133 0.859286
134 0.848571
135 0.851786
136 0.957857
137 0.743571
138 0.818571
139 1.038214
140 0.790714
141 0.837857
142 0.735000
143 0.828214
144 0.880714
145 0.837857
146 0.822857
147 0.877500
148 0.922500
149 0.812143
150 0.870000
151 0.976071
152 0.747857
153 0.822857
154 0.753214
155 0.888214
156 0.867857
157 0.730714
158 73.802143
159 0.912857
160 0.787500
161 0.849643
162 0.770357
163 0.844286
164 0.876429
165 0.958929
166 0.751071
167 0.792857
168 0.787500
169 0.754286
170 0.807857
171 0.852857
172 0.849643
173 0.792857
174 0.790714
175 0.880714
176 0.918214
177 0.847500
178 0.746786
179 0.885000
180 0.883929
181 0.957857
182 0.826071
183 0.835714
184 0.793929
185 0.822857
186 0.797143
187 0.782143
188 0.812143
189 0.800357
190 2.273571
191 0.816429
192 0.766071
193 0.768214
194 0.787500
195 0.796071
196 0.850714
197 0.830357
198 0.762857
199 0.801429
200 0.828214
1 269.916786
2 310.354286
3 42.309643
4 2.216786
5 2.100000
6 379.538571
7 2.663571
8 2.033571
9 1.899643
10 1.986429
11 1.937143
12 1.932857
13 1.936071
14 71.709643
15 2.180357
16 1.946786
17 1.936071
18 10.580357
19 1.989643
20 6.710357
21 2.010000
22 1.856786
23 1.869643
24 1.973571
25 1.997143
26 1.929643
27 1.933929
28 1.879286
29 1.800000
30 261.790714
31 2.640000
32 2.077500
33 1.906071
34 1.870714
35 1.926429
36 1.842857
37 1.910357
38 1.920000
39 1.902857
40 1.870714
41 1.877143
42 1.863214
43 1.839643
44 1.886786
45 1.843929
46 1.770000
47 1.773214
48 1.926429
49 1.890000
50 1.787143
51 1.760357
52 1.776429
53 1.870714
54 1.760357
55 1.860000
56 1.860000
57 1.779643
58 1.786071
59 1.782857
60 1.860000
61 1.826786
62 75.266786
63 2.326071
64 1.927500
65 1.796786
66 1.897500
67 1.817143
68 1.793571
69 1.896429
70 1.817143
71 1.836429
72 1.820357
73 1.850357
74 1.813929
75 1.916786
76 1.806429
77 2.096786
78 1.883571
79 2.066786
80 1.800000
81 1.866429
82 1.743214
83 1.830000
84 1.757143
85 1.839643
86 1.833214
87 1.847143
88 1.766786
89 1.776429
90 1.876071
91 1.926429
92 1.903929
93 1.940357
94 121.327500
95 2.383929
96 1.863214
97 2.213571
98 1.836429
99 1.806429
100 2.059286
101 1.813929
102 1.773214
103 1.883571
104 1.763571
105 1.896429
106 1.959643
107 1.779643
108 1.800000
109 1.879286
110 1.760357
111 1.856786
112 1.800000
113 1.800000
114 1.770000
115 1.850357
116 1.847143
117 1.877143
118 1.872857
119 1.920000
120 1.870714
121 1.766786
122 1.770000
123 1.923214
124 1.870714
125 32.113929
126 63.622500
127 2.063571
128 2.043214
129 2.093571
130 1.973571
131 1.962857
132 1.916786
133 1.893214
134 1.753929
135 1.842857
136 1.756071
137 1.863214
138 1.763571
139 1.893214
140 1.843929
141 1.839643
142 1.910357
143 1.842857
144 1.920000
145 1.860000
146 1.863214
147 1.879286
148 1.876071
149 1.760357
150 1.826786
151 1.839643
152 1.800000
153 1.816071
154 1.773214
155 1.823571
156 1.783929
157 1.770000
158 186.656786
159 2.322857
160 1.950000
161 1.893214
162 1.880357
163 2.389286
164 1.906071
165 1.899643
166 1.813929
167 1.907143
168 1.890000
169 2.026071
170 1.913571
171 1.796786
172 1.833214
173 1.747500
174 1.796786
175 1.836429
176 1.866429
177 1.863214
178 1.846071
179 1.746429
180 1.746429
181 1.850357
182 1.849286
183 1.773214
184 1.803214
185 1.776429
186 1.765714
187 1.872857
188 1.800000
189 1.882500
190 68.760000
191 2.186786
192 1.864286
193 1.906071
194 1.916786
195 1.822500
196 1.916786
197 1.899643
198 1.893214
199 1.907143
200 1.903929
1 358.809643
2 363.426429
3 42.476786
4 2.300357
5 1.962857
6 448.988571
7 2.383929
8 1.890000
9 10.489286
10 2.030357
11 1.800000
12 1.806429
13 1.783929
14 68.856429
15 2.336786
16 1.820357
17 1.910357
18 1.833214
19 1.773214
20 1.867500
21 1.883571
22 8.820000
23 1.882500
24 1.939286
25 1.730357
26 1.873929
27 1.883571
28 1.680000
29 1.783929
30 330.400714
31 2.493214
32 1.826786
33 1.720714
34 1.786071
35 1.766786
36 1.763571
37 1.763571
38 1.783929
39 1.896429
40 1.839643
41 1.803214
42 1.830000
43 1.786071
44 1.766786
45 1.776429
46 1.686429
47 1.683214
48 1.790357
49 1.796786
50 1.683214
51 1.762500
52 1.680000
53 1.762500
54 1.713214
55 1.777500
56 1.684286
57 1.757143
58 1.646786
59 1.673571
60 1.752857
61 1.752857
62 72.289286
63 2.126786
64 1.843929
65 1.839643
66 1.756071
67 1.807500
68 1.760357
69 1.766786
70 1.692857
71 1.774286
72 1.770000
73 1.673571
74 1.763571
75 1.783929
76 1.833214
77 1.803214
78 1.763571
79 1.989643
80 1.753929
81 1.759286
82 1.773214
83 1.693929
84 1.653214
85 1.736786
86 1.762500
87 1.690714
88 1.693929
89 1.676786
90 1.830000
91 1.893214
92 1.800000
93 1.834286
94 356.661429
95 2.553214
96 1.915714
97 2.660357
98 1.937143
99 1.795714
100 1.830000
101 1.736786
102 1.860000
103 1.840714
104 1.716429
105 1.699286
106 1.836429
107 1.783929
108 1.806429
109 1.800000
110 1.776429
111 1.787143
112 1.706786
113 1.656429
114 1.890000
115 1.800000
116 1.834286
117 1.790357
118 1.713214
119 1.963929
120 1.730357
121 1.676786
122 1.987500
123 1.680000
124 1.813929
125 1.809643
126 70.470000
127 2.232857
128 1.856786
129 1.733571
130 1.823571
131 1.722857
132 1.747500
133 1.757143
134 1.732500
135 1.670357
136 20.180357
137 1.826786
138 1.836429
139 1.909286
140 1.877143
141 1.836429
142 1.817143
143 1.740000
144 1.927500
145 1.733571
146 1.860000
147 1.756071
148 1.840714
149 1.733571
150 1.817143
151 1.703571
152 1.866429
153 1.692857
154 1.833214
155 1.700357
156 1.780714
157 1.680000
158 453.349286
159 2.477143
160 1.983214
161 1.762500
162 1.834286
163 1.792500
164 1.816071
165 1.790357
166 1.870714
167 1.743214
168 1.659643
169 1.749643
170 1.640357
171 1.662857
172 1.763571
173 1.667143
174 1.752857
175 1.736786
176 1.732500
177 1.656429
178 1.669286
179 1.840714
180 1.747500
181 1.673571
182 1.763571
183 1.770000
184 1.673571
185 1.656429
186 1.670357
187 1.710000
188 1.760357
189 1.733571
190 74.793214
191 2.273571
192 1.839643
193 1.747500
194 1.847143
195 1.786071
196 1.817143
197 1.783929
198 1.723929
199 1.763571
200 1.762500
1 407.477143
2 424.585714
3 38.903571
4 2.100000
5 1.763571
6 430.464643
7 2.466429
8 1.980000
9 1.923214
10 1.830000
11 1.800000
12 1.873929
13 1.787143
14 67.643571
15 2.186786
16 1.830000
17 1.697143
18 1.733571
19 1.673571
20 1.710000
21 1.642500
22 1.946786
23 1.676786
24 1.812857
25 1.696071
26 1.713214
27 1.864286
28 1.793571
29 1.703571
30 403.895357
31 2.423571
32 1.873929
33 1.830000
34 1.850357
35 1.796786
36 1.736786
37 1.782857
38 1.820357
39 1.743214
40 3.964286
41 1.773214
42 1.714286
43 1.713214
44 1.689643
45 1.736786
46 1.713214
47 1.743214
48 1.749643
49 1.659643
50 1.656429
51 1.836429
52 1.716429
53 1.763571
54 1.747500
55 1.766786
56 1.689643
57 1.662857
58 1.850357
59 1.837500
60 1.680000
61 1.773214
62 73.660714
63 2.223214
64 1.706786
65 1.757143
66 1.733571
67 1.783929
68 1.686429
69 1.749643
70 1.760357
71 1.713214
72 1.726071
73 1.860000
74 1.746429
75 1.616786
76 1.806429
77 1.783929
78 1.699286
79 1.863214
80 1.653214
81 1.883571
82 1.626429
83 1.670357
84 1.663929
85 1.700357
86 1.670357
87 1.940357
88 1.643571
89 1.869643
90 1.842857
91 1.689643
92 1.616786
93 1.713214
94 419.719286
95 2.472857
96 1.890000
97 1.789286
98 1.790357
99 1.736786
100 1.740000
101 1.830000
102 1.803214
103 1.780714
104 1.793571
105 1.762500
106 1.792500
107 1.736786
108 1.942500
109 1.654286
110 1.823571
111 1.697143
112 1.670357
113 1.846071
114 1.670357
115 1.830000
116 1.806429
117 1.659643
118 1.770000
119 1.780714
120 1.656429
121 1.680000
122 1.740000
123 1.727143
124 1.666071
125 1.714286
126 68.963571
127 2.292857
128 1.803214
129 1.803214
130 1.696071
131 1.673571
132 1.760357
133 1.763571
134 1.760357
135 1.760357
136 1.726071
137 1.676786
138 1.890000
139 1.872857
140 1.803214
141 1.722857
142 1.727143
143 1.779643
144 1.650000
145 1.643571
146 1.760357
147 1.787143
148 1.669286
149 1.662857
150 1.656429
151 1.757143
152 4.016786
153 1.793571
154 1.770000
155 1.740000
156 1.740000
157 1.735714
158 282.302143
159 2.346429
160 1.796786
161 1.676786
162 1.719643
163 1.779643
164 1.770000
165 1.733571
166 1.680000
167 1.766786
168 1.766786
169 1.680000
170 1.706786
171 1.807500
172 1.663929
173 1.633929
174 1.762500
175 1.743214
176 1.736786
177 1.650000
178 1.692857
179 1.749643
180 1.645714
181 1.666071
182 1.680000
183 1.639286
184 1.660714
185 1.686429
186 1.746429
187 1.676786
188 1.800000
189 1.713214
190 71.649643
191 2.087143
192 1.716429
193 1.773214
194 1.700357
195 1.650000
196 1.650000
197 1.697143
198 1.689643
199 34.370357
200 2.496429
1 358.584643
2 281.127857
3 38.722500
4 2.169643
5 1.933929
6 262.900714
7 2.469643
8 1.830000
9 1.790357
10 1.873929
11 1.872857
12 1.823571
13 1.793571
14 63.789643
15 2.057143
16 1.946786
17 1.880357
18 1.833214
19 1.830000
20 1.923214
21 1.837500
22 1.853571
23 1.817143
24 2.032500
25 1.869643
26 1.846071
27 1.856786
28 1.853571
29 1.847143
30 195.066429
31 2.726786
32 1.943571
33 1.823571
34 1.786071
35 1.806429
36 1.757143
37 1.800000
38 1.807500
39 1.765714
40 1.793571
41 1.743214
42 1.783929
43 1.683214
44 1.786071
45 1.722857
46 1.693929
47 1.710000
48 1.753929
49 1.833214
50 1.782857
51 1.790357
52 1.703571
53 1.800000
54 1.770000
55 1.796786
56 1.697143
57 1.706786
58 1.777500
59 1.690714
60 1.660714
61 1.680000
62 68.453571
63 2.176071
64 1.880357
65 1.759286
66 1.757143
67 1.820357
68 1.726071
69 1.710000
70 1.817143
71 1.743214
72 1.753929
73 1.676786
74 1.683214
75 1.722857
76 1.806429
77 1.796786
78 1.782857
79 1.683214
80 1.716429
81 1.770000
82 1.763571
83 1.676786
84 1.692857
85 1.673571
86 1.760357
87 1.776429
88 1.790357
89 1.930714
90 1.866429
91 1.820357
92 1.776429
93 1.893214
94 242.216786
95 2.439643
96 1.910357
97 1.860000
98 1.900714
99 1.817143
100 2.027143
101 1.950000
102 1.894286
103 1.833214
104 1.953214
105 1.735714
106 1.916786
107 2.473929
108 2.014286
109 1.896429
110 1.849286
111 1.789286
112 1.793571
113 1.860000
114 1.809643
115 1.727143
116 1.899643
117 1.770000
118 1.836429
119 1.792500
120 1.710000
121 1.882500
122 1.863214
123 1.800000
124 1.847143
125 1.813929
126 64.389643
127 2.256429
128 1.809643
129 2.033571
130 1.779643
131 1.790357
132 1.876071
133 1.766786
134 1.893214
135 1.826786
136 1.840714
137 1.903929
138 1.730357
139 1.697143
140 1.809643
141 1.779643
142 1.793571
143 1.743214
144 1.796786
145 1.726071
146 1.866429
147 1.776429
148 1.860000
149 1.850357
150 1.706786
151 1.820357
152 1.689643
153 1.700357
154 1.939286
155 1.733571
156 1.796786
157 1.760357
158 186.535714
159 2.370000
160 1.950000
161 2.006786
162 1.860000
163 1.890000
164 1.893214
165 1.852500
166 2.456786
167 1.793571
168 1.863214
169 1.840714
170 1.886786
171 1.733571
172 1.803214
173 1.810714
174 1.782857
175 1.736786
176 1.843929
177 1.793571
178 1.833214
179 1.826786
180 1.776429
181 1.696071
182 1.817143
183 1.727143
184 1.826786
185 1.743214
186 1.793571
187 1.700357
188 1.842857
189 1.757143
190 68.673214
191 2.076429
192 1.850357
193 1.912500
194 1.849286
195 1.762500
196 1.826786
197 1.866429
198 1.753929
199 1.803214
200 1.795714
1 355.638214
2 313.813929
3 38.940000
4 2.126786
5 1.716429
6 338.053929
7 2.286429
8 1.900714
9 1.683214
10 1.783929
11 1.789286
12 1.863214
13 1.783929
14 63.580714
15 2.103214
16 1.833214
17 1.787143
18 1.793571
19 1.726071
20 1.826786
21 1.770000
22 1.752857
23 1.840714
24 1.877143
25 1.809643
26 1.770000
27 1.700357
28 1.713214
29 1.713214
30 315.536786
31 2.327143
32 1.900714
33 1.842857
34 1.789286
35 1.789286
36 1.746429
37 1.782857
38 1.839643
39 1.703571
40 1.723929
41 1.770000
42 1.740000
43 1.733571
44 1.653214
45 1.749643
46 1.820357
47 1.743214
48 1.656429
49 1.740000
50 1.740000
51 1.696071
52 1.706786
53 1.753929
54 1.702500
55 1.757143
56 1.776429
57 1.650000
58 1.620000
59 1.686429
60 1.803214
61 1.686429
62 70.339286
63 2.076429
64 1.720714
65 1.719643
66 1.890000
67 1.806429
68 1.823571
69 1.789286
70 1.736786
71 1.762500
72 1.590000
73 1.790357
74 1.693929
75 1.753929
76 1.726071
77 1.706786
78 1.620000
79 1.719643
80 1.733571
81 1.820357
82 1.813929
83 1.623214
84 1.803214
85 1.740000
86 1.670357
87 1.833214
88 1.743214
89 1.684286
90 1.915714
91 1.696071
92 1.663929
93 1.693929
94 322.553571
95 3.176786
96 1.886786
97 1.860000
98 1.902857
99 1.773214
100 1.686429
101 1.813929
102 1.736786
103 1.729286
104 1.732500
105 1.850357
106 4.103571
107 1.757143
108 1.662857
109 1.653214
110 1.806429
111 1.787143
112 1.807500
113 1.749643
114 1.752857
115 1.766786
116 1.696071
117 1.653214
118 1.869643
119 1.872857
120 1.789286
121 1.853571
122 1.662857
123 1.763571
124 1.744286
125 1.667143
126 64.096071
127 2.073214
128 1.753929
129 1.793571
130 1.839643
131 1.722857
132 1.836429
133 1.763571
134 1.823571
135 1.825714
136 1.749643
137 1.744286
138 1.689643
139 1.613571
140 1.749643
141 1.643571
142 1.650000
143 1.733571
144 1.765714
145 1.743214
146 1.637143
147 1.654286
148 1.693929
149 1.816071
150 1.727143
151 1.787143
152 1.653214
153 1.726071
154 1.752857
155 1.743214
156 1.667143
157 1.693929
158 239.270357
159 2.370000
160 1.787143
161 1.700357
162 1.773214
163 1.770000
164 1.766786
165 1.696071
166 1.689643
167 1.662857
168 1.766786
169 1.646786
170 1.690714
171 1.740000
172 2.480357
173 1.740000
174 1.773214
175 1.940357
176 1.643571
177 1.706786
178 1.713214
179 1.686429
180 1.740000
181 1.653214
182 1.756071
183 1.762500
184 1.776429
185 1.680000
186 1.703571
187 1.786071
188 1.800000
189 1.773214
190 67.096071
191 2.040000
192 1.736786
193 1.800000
194 1.849286
195 1.809643
196 1.733571
197 1.763571
198 1.759286
199 1.676786
200 1.669286
1 387.397500
2 369.030000
3 39.246429
4 2.134286
5 1.823571
6 425.182500
7 2.442857
8 1.803214
9 1.873929
10 1.873929
11 1.830000
12 1.839643
13 1.830000
14 69.176786
15 2.172857
16 1.863214
17 1.886786
18 1.839643
19 1.803214
20 1.819286
21 1.833214
22 1.833214
23 1.726071
24 1.993929
25 1.872857
26 1.843929
27 1.823571
28 1.836429
29 1.856786
30 299.913214
31 2.423571
32 1.939286
33 1.877143
34 1.902857
35 1.883571
36 1.853571
37 1.770000
38 1.796786
39 1.800000
40 1.920000
41 1.836429
42 1.749643
43 1.823571
44 1.793571
45 1.740000
46 1.790357
47 1.796786
48 1.753929
49 1.823571
50 1.680000
51 1.770000
52 1.796786
53 1.773214
54 1.697143
55 1.689643
56 1.686429
57 1.813929
58 1.822500
59 1.792500
60 1.800000
61 1.703571
62 70.482857
63 2.160000
64 1.810714
65 1.852500
66 1.872857
67 1.843929
68 1.746429
69 1.693929
70 1.743214
71 1.813929
72 1.826786
73 1.804286
74 1.727143
75 1.736786
76 1.776429
77 1.822500
78 1.796786
79 1.846071
80 1.703571
81 1.760357
82 1.683214
83 1.700357
84 1.700357
85 1.850357
86 1.800000
87 1.733571
88 1.697143
89 1.710000
90 1.757143
91 1.706786
92 1.676786
93 1.847143
94 211.013571
95 2.329286
96 1.900714
97 1.839643
98 2.013214
99 1.956429
100 1.826786
101 1.779643
102 1.803214
103 1.703571
104 1.743214
105 1.803214
106 1.823571
107 34.316786
108 2.176071
109 1.882500
110 1.916786
111 1.853571
112 1.877143
113 2.013214
114 1.740000
115 1.873929
116 1.830000
117 1.743214
118 1.722857
119 1.946786
120 1.666071
121 1.809643
122 1.730357
123 1.770000
124 1.746429
125 1.826786
126 67.023214
127 2.073214
128 1.860000
129 1.809643
130 1.856786
131 1.849286
132 1.786071
133 1.803214
134 1.746429
135 1.983214
136 1.822500
137 1.710000
138 1.867500
139 1.693929
140 1.683214
141 1.856786
142 1.713214
143 1.869643
144 1.700357
145 1.776429
146 1.820357
147 1.783929
148 1.680000
149 1.920000
150 1.749643
151 1.836429
152 1.776429
153 1.822500
154 1.686429
155 1.896429
156 1.800000
157 1.863214
158 200.183571
159 2.376429
160 2.376429
161 1.910357
162 1.730357
163 1.839643
164 1.822500
165 1.839643
166 1.719643
167 1.743214
168 1.716429
169 1.783929
170 1.897500
171 1.766786
172 1.809643
173 1.846071
174 1.763571
175 1.789286
176 1.773214
177 1.840714
178 1.866429
179 1.833214
180 1.756071
181 1.877143
182 1.803214
183 1.736786
184 1.752857
185 1.793571
186 1.746429
187 1.812857
188 1.706786
189 1.820357
190 70.503214
191 2.053929
192 1.850357
193 1.846071
194 1.779643
195 1.807500
196 1.810714
197 1.752857
198 1.810714
199 1.813929
200 1.863214
1 359.302500
2 400.622143
3 41.703214
4 2.126786
5 1.962857
6 377.986071
7 2.352857
8 1.792500
9 1.860000
10 1.783929
11 1.863214
12 1.890000
13 1.812857
14 65.916429
15 2.170714
16 1.840714
17 1.929643
18 1.800000
19 1.883571
20 1.849286
21 1.833214
22 1.820357
23 1.762500
24 1.923214
25 1.929643
26 1.740000
27 1.773214
28 1.812857
29 1.795714
30 319.097143
31 2.436429
32 1.807500
33 1.793571
34 1.833214
35 1.743214
36 1.823571
37 1.740000
38 1.746429
39 1.749643
40 1.683214
41 1.780714
42 1.710000
43 1.770000
44 1.730357
45 1.774286
46 1.770000
47 1.686429
48 1.646786
49 1.903929
50 1.786071
51 1.699286
52 1.736786
53 1.675714
54 1.763571
55 1.623214
56 1.743214
57 1.757143
58 1.743214
59 1.680000
60 1.743214
61 1.749643
62 68.763214
63 2.109643
64 1.876071
65 2.005714
66 1.676786
67 1.833214
68 1.697143
69 1.666071
70 1.700357
71 1.760357
72 1.699286
73 1.720714
74 1.662857
75 1.683214
76 1.716429
77 1.667143
78 1.972500
79 1.697143
80 1.830000
81 1.752857
82 1.749643
83 1.629643
84 1.719643
85 1.667143
86 1.703571
87 1.730357
88 1.726071
89 1.660714
90 1.599643
91 1.653214
92 1.793571
93 1.800000
94 319.368214
95 2.537143
96 2.286429
97 1.793571
98 1.997143
99 1.852500
100 1.683214
101 1.840714
102 1.716429
103 1.703571
104 1.816071
105 1.646786
106 1.793571
107 1.790357
108 1.650000
109 1.777500
110 1.800000
111 1.632857
112 1.753929
113 1.676786
114 1.689643
115 1.632857
116 1.722857
117 1.773214
118 1.787143
119 1.822500
120 1.803214
121 1.675714
122 1.626429
123 1.727143
124 1.779643
125 1.746429
126 64.870714
127 2.020714
128 1.749643
129 1.869643
130 1.907143
131 1.849286
132 1.826786
133 1.779643
134 1.823571
135 1.700357
136 1.733571
137 1.752857
138 1.773214
139 1.706786
140 1.796786
141 1.763571
142 1.740000
143 1.766786
144 1.713214
145 1.766786
146 1.692857
147 1.792500
148 1.733571
149 1.753929
150 1.646786
151 1.746429
152 1.729286
153 1.740000
154 1.790357
155 1.732500
156 1.689643
157 1.659643
158 247.713214
159 2.482500
160 1.746429
161 1.830000
162 1.850357
163 1.849286
164 1.726071
165 1.850357
166 1.860000
167 1.790357
168 1.820357
169 1.906071
170 1.786071
171 2.302500
172 1.689643
173 1.757143
174 1.676786
175 1.706786
176 1.766786
177 1.800000
178 1.666071
179 1.719643
180 1.706786
181 1.650000
182 1.740000
183 1.722857
184 1.683214
185 1.697143
186 1.680000
187 1.687500
188 1.722857
189 1.730357
190 69.093214
191 2.150357
192 1.842857
193 1.757143
194 1.830000
195 1.855714
196 1.776429
197 1.847143
198 1.773214
199 1.816071
200 1.800000
1 334.261071
2 335.813571
3 41.734286
4 2.150357
5 1.800000
6 289.693929
7 2.526429
8 1.940357
9 1.883571
10 1.787143
11 1.806429
12 1.786071
13 1.744286
14 66.800357
15 2.139643
16 1.860000
17 1.836429
18 1.789286
19 1.793571
20 1.722857
21 1.757143
22 1.683214
23 1.683214
24 1.866429
25 1.749643
26 1.777500
27 1.894286
28 1.849286
29 1.836429
30 214.239643
31 2.646429
32 1.950000
33 1.793571
34 1.820357
35 1.883571
36 1.780714
37 1.793571
38 1.787143
39 1.753929
40 1.746429
41 1.749643
42 1.807500
43 1.789286
44 1.763571
45 1.776429
46 1.763571
47 1.706786
48 1.700357
49 1.816071
50 1.773214
51 1.699286
52 1.782857
53 1.680000
54 1.723929
55 1.822500
56 1.789286
57 1.692857
58 1.713214
59 1.766786
60 1.672500
61 1.913571
62 69.639643
63 2.203929
64 1.693929
65 1.756071
66 1.752857
67 1.667143
68 1.800000
69 1.736786
70 1.779643
71 1.706786
72 1.765714
73 1.762500
74 1.656429
75 1.756071
76 1.722857
77 1.796786
78 1.766786
79 1.732500
80 1.866429
81 1.733571
82 1.736786
83 1.749643
84 1.687500
85 1.650000
86 1.650000
87 1.749643
88 1.676786
89 1.820357
90 1.653214
91 1.843929
92 1.820357
93 1.796786
94 153.980357
95 2.500714
96 1.856786
97 1.847143
98 1.746429
99 1.826786
100 1.817143
101 1.756071
102 1.736786
103 1.817143
104 1.740000
105 1.770000
106 1.719643
107 1.819286
108 1.783929
109 1.834286
110 32.923929
111 4.363929
112 1.880357
113 1.730357
114 1.756071
115 1.773214
116 1.836429
117 1.872857
118 1.840714
119 1.763571
120 1.989643
121 1.686429
122 1.686429
123 1.980000
124 1.672500
125 1.826786
126 63.536786
127 2.030357
128 1.790357
129 1.880357
130 1.729286
131 1.836429
132 1.750714
133 1.787143
134 1.756071
135 1.803214
136 1.683214
137 1.676786
138 1.736786
139 1.770000
140 1.812857
141 1.809643
142 1.732500
143 1.743214
144 1.670357
145 1.989643
146 1.710000
147 1.820357
148 1.689643
149 1.713214
150 1.710000
151 1.839643
152 1.722857
153 1.950000
154 1.676786
155 1.776429
156 1.743214
157 1.776429
158 198.333214
159 2.366786
160 1.879286
161 1.930714
162 1.790357
163 1.870714
164 1.866429
165 33.979286
166 1.893214
167 1.907143
168 1.882500
169 1.710000
170 1.877143
171 1.793571
172 1.713214
173 1.812857
174 1.746429
175 1.763571
176 1.800000
177 1.753929
178 1.687500
179 1.683214
180 1.743214
181 1.756071
182 1.806429
183 1.763571
184 1.717500
185 1.793571
186 1.686429
187 1.779643
188 1.833214
189 1.716429
190 69.033214
191 2.126786
192 1.800000
193 1.803214
194 1.747500
195 1.820357
196 1.749643
197 1.830000
198 1.746429
199 1.706786
200 1.842857
1 392.340000
2 412.646786
3 38.933571
4 2.316429
5 1.946786
6 340.072500
7 2.436429
8 1.866429
9 1.910357
10 1.880357
11 1.950000
12 1.893214
13 1.813929
14 64.894286
15 2.256429
16 2.030357
17 1.869643
18 1.863214
19 1.913571
20 1.913571
21 1.872857
22 1.899643
23 1.910357
24 1.803214
25 1.997143
26 1.890000
27 1.986429
28 1.956429
29 1.967143
30 371.197500
31 2.627143
32 2.057143
33 2.083929
34 2.003571
35 1.863214
36 1.920000
37 1.950000
38 1.903929
39 1.927500
40 1.850357
41 1.856786
42 1.839643
43 1.813929
44 1.886786
45 1.836429
46 1.893214
47 1.913571
48 1.830000
49 1.773214
50 1.883571
51 1.793571
52 1.899643
53 1.876071
54 1.855714
55 1.796786
56 1.776429
57 1.992857
58 1.822500
59 1.864286
60 1.983214
61 2.030357
62 72.296786
63 2.239286
64 1.923214
65 1.920000
66 1.930714
67 1.830000
68 1.913571
69 1.853571
70 1.886786
71 1.880357
72 1.967143
73 1.839643
74 1.877143
75 1.940357
76 1.953214
77 1.863214
78 1.943571
79 1.782857
80 1.880357
81 1.793571
82 1.796786
83 1.847143
84 1.893214
85 1.863214
86 2.000357
87 1.823571
88 1.923214
89 1.899643
90 1.916786
91 1.757143
92 1.836429
93 1.806429
94 240.237857
95 2.583214
96 2.002500
97 1.937143
98 2.440714
99 1.953214
100 1.973571
101 1.990714
102 1.932857
103 1.939286
104 1.956429
105 1.936071
106 1.906071
107 1.860000
108 1.787143
109 1.953214
110 1.789286
111 1.793571
112 1.950000
113 1.806429
114 1.932857
115 1.872857
116 1.833214
117 1.869643
118 1.866429
119 1.763571
120 1.853571
121 1.866429
122 1.813929
123 1.796786
124 1.800000
125 1.883571
126 68.963571
127 2.322857
128 2.023929
129 1.860000
130 1.933929
131 1.940357
132 1.903929
133 1.969286
134 1.920000
135 1.833214
136 1.916786
137 2.003571
138 2.163214
139 1.929643
140 1.953214
141 1.886786
142 1.906071
143 1.776429
144 1.866429
145 1.822500
146 1.907143
147 1.789286
148 1.872857
149 1.909286
150 1.976786
151 1.923214
152 1.842857
153 1.967143
154 1.899643
155 1.963929
156 1.929643
157 1.883571
158 234.005357
159 2.603571
160 1.983214
161 2.479286
162 2.032500
163 1.853571
164 1.890000
165 1.773214
166 1.783929
167 1.847143
168 1.762500
169 1.830000
170 1.896429
171 1.787143
172 1.893214
173 1.873929
174 1.890000
175 1.883571
176 1.783929
177 1.807500
178 1.930714
179 1.870714
180 1.766786
181 1.812857
182 1.763571
183 1.819286
184 1.890000
185 1.877143
186 1.932857
187 1.822500
188 1.866429
189 1.819286
190 72.933214
191 2.305714
192 1.923214
193 1.856786
194 1.863214
195 1.863214
196 2.013214
197 1.842857
198 1.866429
199 1.823571
200 1.847143
1 324.593571
2 336.707143
3 42.330000
4 2.243571
5 1.983214
6 304.196786
7 2.359286
8 1.893214
9 1.812857
10 1.809643
11 1.789286
12 1.806429
13 1.800000
14 67.143214
15 2.147143
16 1.770000
17 1.846071
18 1.743214
19 1.809643
20 1.823571
21 1.746429
22 1.750714
23 1.624286
24 2.013214
25 1.826786
26 1.852500
27 1.770000
28 1.786071
29 1.812857
30 195.840000
31 2.250000
32 1.763571
33 1.773214
34 1.882500
35 1.793571
36 1.860000
37 1.779643
38 1.790357
39 1.880357
40 1.916786
41 1.770000
42 2.843571
43 1.880357
44 1.807500
45 1.770000
46 1.760357
47 1.820357
48 1.796786
49 1.786071
50 1.736786
51 1.803214
52 1.743214
53 1.736786
54 1.760357
55 1.656429
56 1.662857
57 1.746429
58 1.656429
59 1.626429
60 1.719643
61 1.637143
62 67.223571
63 2.173929
64 1.783929
65 1.747500
66 1.776429
67 3.983571
68 1.697143
69 1.752857
70 1.752857
71 1.727143
72 1.670357
73 1.773214
74 1.719643
75 1.623214
76 1.787143
77 1.680000
78 1.637143
79 1.669286
80 1.740000
81 1.732500
82 1.676786
83 1.643571
84 1.653214
85 1.780714
86 1.763571
87 1.716429
88 1.937143
89 1.796786
90 1.850357
91 1.676786
92 1.766786
93 1.693929
94 320.510357
95 2.509286
96 1.883571
97 1.816071
98 1.823571
99 1.873929
100 1.866429
101 1.836429
102 1.806429
103 1.847143
104 1.980000
105 1.773214
106 1.923214
107 1.736786
108 1.706786
109 1.710000
110 1.689643
111 1.700357
112 1.750714
113 1.743214
114 1.662857
115 1.803214
116 1.696071
117 1.793571
118 1.719643
119 1.623214
120 1.816071
121 1.743214
122 1.790357
123 1.733571
124 1.744286
125 1.787143
126 68.883214
127 2.250000
128 2.010000
129 1.750714
130 1.746429
131 1.796786
132 1.849286
133 1.803214
134 1.789286
135 1.787143
136 1.740000
137 1.783929
138 1.689643
139 1.786071
140 1.740000
141 1.766786
142 1.743214
143 1.780714
144 1.656429
145 1.662857
146 1.817143
147 1.846071
148 1.793571
149 1.823571
150 1.736786
151 1.703571
152 1.676786
153 1.819286
154 1.730357
155 1.803214
156 1.686429
157 1.710000
158 200.109643
159 2.313214
160 1.956429
161 1.770000
162 1.897500
163 1.953214
164 1.877143
165 1.880357
166 1.736786
167 1.853571
168 1.872857
169 1.876071
170 2.953929
171 1.866429
172 1.816071
173 1.795714
174 1.713214
175 1.759286
176 1.710000
177 1.716429
178 1.843929
179 1.703571
180 1.666071
181 1.779643
182 1.716429
183 1.763571
184 1.765714
185 1.766786
186 1.672500
187 1.687500
188 1.753929
189 1.713214
190 68.619643
191 2.213571
192 1.826786
193 1.842857
194 1.746429
195 1.809643
196 4.020000
197 1.790357
198 1.855714
199 1.790357
200 1.752857
1 309.796071
2 447.099643
3 39.287143
4 2.196429
5 1.843929
6 303.124286
7 2.343214
8 2.060357
9 1.903929
10 1.900714
11 1.883571
12 1.856786
13 1.780714
14 64.836429
15 2.139643
16 2.052857
17 1.897500
18 1.796786
19 1.782857
20 1.713214
21 1.722857
22 1.810714
23 1.787143
24 1.856786
25 1.996071
26 1.840714
27 1.773214
28 1.800000
29 1.826786
30 298.760357
31 2.503929
32 1.910357
33 1.937143
34 1.840714
35 1.746429
36 1.777500
37 1.683214
38 1.697143
39 1.826786
40 1.806429
41 1.796786
42 1.750714
43 1.882500
44 1.770000
45 1.697143
46 1.766786
47 1.809643
48 1.807500
49 1.703571
50 1.770000
51 1.762500
52 1.776429
53 1.770000
54 1.803214
55 1.763571
56 1.847143
57 1.809643
58 1.796786
59 1.686429
60 1.779643
61 1.752857
62 69.653571
63 2.149286
64 1.783929
65 1.779643
66 1.796786
67 1.927500
68 1.766786
69 1.776429
70 2.076429
71 1.880357
72 1.776429
73 1.713214
74 1.787143
75 1.773214
76 1.806429
77 1.787143
78 1.780714
79 1.714286
80 1.716429
81 1.757143
82 1.856786
83 1.719643
84 1.839643
85 1.833214
86 1.763571
87 1.752857
88 1.967143
89 1.659643
90 1.646786
91 1.786071
92 1.706786
93 1.650000
94 310.669286
95 2.360357
96 1.906071
97 1.793571
98 1.877143
99 1.890000
100 3.013929
101 1.733571
102 1.766786
103 1.740000
104 1.686429
105 1.680000
106 1.853571
107 1.793571
108 1.803214
109 1.646786
110 1.663929
111 1.810714
112 1.770000
113 1.743214
114 1.740000
115 1.749643
116 1.789286
117 1.823571
118 1.676786
119 1.902857
120 1.946786
121 1.786071
122 1.740000
123 1.719643
124 1.800000
125 1.833214
126 64.599643
127 2.167500
128 1.860000
129 1.770000
130 1.803214
131 1.866429
132 1.796786
133 1.850357
134 1.817143
135 1.830000
136 1.820357
137 1.852500
138 1.670357
139 1.716429
140 1.787143
141 1.783929
142 1.743214
143 1.676786
144 1.776429
145 1.683214
146 1.759286
147 1.680000
148 1.666071
149 1.756071
150 1.646786
151 1.830000
152 1.806429
153 1.650000
154 1.740000
155 1.789286
156 1.759286
157 1.670357
158 260.305714
159 2.589643
160 1.932857
161 1.849286
162 34.959643
163 2.117143
164 1.780714
165 1.872857
166 1.812857
167 1.760357
168 1.830000
169 1.743214
170 1.763571
171 1.637143
172 1.783929
173 1.740000
174 1.703571
175 1.760357
176 1.680000
177 1.656429
178 1.760357
179 1.710000
180 1.726071
181 1.713214
182 1.823571
183 1.752857
184 1.847143
185 1.779643
186 1.722857
187 1.680000
188 1.826786
189 1.705714
190 72.726429
191 2.163214
192 1.756071
193 1.746429
194 1.809643
195 1.740000
196 1.787143
197 1.703571
198 1.813929
199 1.770000
200 1.667143
1 392.974286
2 372.170357
3 38.250000
4 2.123571
5 1.946786
6 402.711429
7 2.640000
8 1.973571
9 1.902857
10 1.976786
11 1.967143
12 1.907143
13 1.999286
14 66.817500
15 2.103214
16 2.019643
17 1.870714
18 1.943571
19 1.946786
20 1.950000
21 1.906071
22 1.849286
23 1.866429
24 1.894286
25 2.010000
26 1.920000
27 1.912500
28 2.073214
29 1.907143
30 311.443929
31 2.603571
32 2.016429
33 1.993929
34 1.937143
35 1.976786
36 1.976786
37 1.943571
38 1.856786
39 1.923214
40 1.940357
41 1.950000
42 1.909286
43 1.877143
44 1.856786
45 1.943571
46 1.852500
47 1.913571
48 1.946786
49 1.866429
50 1.923214
51 1.800000
52 1.890000
53 1.890000
54 1.810714
55 1.830000
56 1.837500
57 1.826786
58 1.927500
59 1.926429
60 1.902857
61 1.913571
62 73.872857
63 2.193214
64 1.956429
65 1.843929
66 1.953214
67 1.913571
68 1.939286
69 1.907143
70 1.822500
71 1.926429
72 1.834286
73 1.950000
74 1.929643
75 1.872857
76 1.886786
77 1.847143
78 1.886786
79 1.817143
80 1.823571
81 1.816071
82 1.926429
83 1.786071
84 1.787143
85 1.867500
86 1.773214
87 1.939286
88 1.853571
89 1.786071
90 1.809643
91 1.817143
92 1.806429
93 1.822500
94 122.283214
95 2.426786
96 2.000357
97 1.980000
98 1.920000
99 2.010000
100 2.027143
101 1.946786
102 1.900714
103 1.907143
104 1.870714
105 1.872857
106 1.886786
107 1.902857
108 1.957500
109 1.976786
110 1.926429
111 1.946786
112 1.907143
113 1.986429
114 1.980000
115 2.066786
116 2.003571
117 2.000357
118 1.890000
119 1.826786
120 1.962857
121 1.817143
122 1.937143
123 1.916786
124 3.800357
125 2.063571
126 63.510000
127 2.370000
128 2.090357
129 2.050714
130 1.940357
131 2.096786
132 2.000357
133 1.945714
134 2.013214
135 1.930714
136 2.063571
137 1.956429
138 1.866429
139 2.019643
140 1.890000
141 1.890000
142 1.946786
143 1.993929
144 2.003571
145 1.890000
146 2.000357
147 1.986429
148 2.010000
149 1.916786
150 1.983214
151 1.969286
152 1.990714
153 2.002500
154 1.966071
155 1.923214
156 1.885714
157 2.103214
158 118.926429
159 2.333571
160 1.970357
161 2.006786
162 1.913571
163 1.873929
164 2.216786
165 1.866429
166 1.943571
167 1.863214
168 1.849286
169 1.826786
170 1.872857
171 2.003571
172 1.812857
173 1.840714
174 1.969286
175 1.836429
176 1.940357
177 1.839643
178 2.033571
179 1.946786
180 1.853571
181 1.846071
182 1.880357
183 1.923214
184 1.893214
185 1.866429
186 1.957500
187 1.860000
188 3.849643
189 2.096786
190 66.643929
191 2.267143
192 1.993929
193 2.063571
194 2.066786
195 1.943571
196 2.020714
197 1.973571
198 1.976786
199 4.263214
200 1.976786
1 348.143571
2 410.403214
3 42.073929
4 2.230714
5 1.773214
6 372.319286
7 2.466429
8 1.999286
9 1.834286
10 1.880357
11 1.833214
12 1.722857
13 1.867500
14 68.523214
15 2.164286
16 1.860000
17 1.743214
18 1.803214
19 1.920000
20 1.776429
21 1.770000
22 1.726071
23 1.813929
24 1.823571
25 1.877143
26 1.743214
27 1.763571
28 1.689643
29 1.779643
30 242.496429
31 2.466429
32 1.876071
33 4.020000
34 1.890000
35 1.780714
36 1.830000
37 1.752857
38 1.777500
39 1.852500
40 1.752857
41 1.763571
42 1.770000
43 1.866429
44 1.783929
45 1.763571
46 1.760357
47 1.756071
48 1.796786
49 1.752857
50 1.686429
51 1.790357
52 1.872857
53 1.680000
54 1.782857
55 1.663929
56 1.766786
57 1.817143
58 1.766786
59 1.684286
60 1.847143
61 1.782857
62 70.342500
63 2.126786
64 1.873929
65 1.752857
66 1.834286
67 1.863214
68 1.836429
69 1.686429
70 1.803214
71 1.710000
72 1.732500
73 1.680000
74 1.692857
75 1.710000
76 1.900714
77 1.727143
78 1.773214
79 1.719643
80 1.762500
81 1.752857
82 1.757143
83 1.687500
84 1.753929
85 1.756071
86 1.757143
87 1.663929
88 1.756071
89 1.860000
90 1.809643
91 1.786071
92 1.856786
93 1.820357
94 251.468571
95 2.170714
96 34.549286
97 1.806429
98 1.967143
99 1.763571
100 1.744286
101 1.937143
102 1.766786
103 1.880357
104 1.877143
105 1.846071
106 1.852500
107 1.807500
108 1.810714
109 1.706786
110 1.839643
111 1.703571
112 1.803214
113 1.765714
114 1.730357
115 1.696071
116 1.803214
117 1.972500
118 1.843929
119 1.866429
120 1.736786
121 1.753929
122 1.817143
123 1.792500
124 1.796786
125 1.833214
126 65.029286
127 2.220000
128 1.810714
129 1.986429
130 1.902857
131 1.869643
132 1.730357
133 1.923214
134 1.826786
135 1.762500
136 1.876071
137 1.760357
138 1.730357
139 1.676786
140 1.869643
141 1.702500
142 1.760357
143 1.753929
144 1.770000
145 1.692857
146 1.690714
147 1.790357
148 1.752857
149 1.720714
150 1.774286
151 1.820357
152 1.782857
153 1.750714
154 1.780714
155 1.692857
156 1.706786
157 1.675714
158 256.925357
159 2.649643
160 1.869643
161 1.869643
162 1.776429
163 1.716429
164 1.834286
165 1.809643
166 1.800000
167 1.703571
168 1.776429
169 1.806429
170 1.773214
171 1.700357
172 1.666071
173 1.757143
174 1.757143
175 1.740000
176 1.740000
177 1.825714
178 1.747500
179 1.763571
180 1.744286
181 1.683214
182 1.749643
183 1.763571
184 1.687500
185 1.689643
186 1.673571
187 1.747500
188 1.800000
189 1.756071
190 74.776071
191 2.166429
192 1.793571
193 1.833214
194 1.839643
195 1.779643
196 1.696071
197 1.796786
198 1.790357
199 1.766786
200 1.719643
1 363.564643
2 322.476429
3 38.987143
4 2.096786
5 1.886786
6 377.568214
7 2.496429
8 1.786071
9 1.833214
10 1.756071
11 1.776429
12 1.826786
13 1.906071
14 68.289643
15 2.060357
16 1.869643
17 1.866429
18 1.757143
19 1.856786
20 1.830000
21 1.872857
22 1.727143
23 1.850357
24 1.902857
25 1.877143
26 1.850357
27 1.860000
28 1.833214
29 1.843929
30 306.636429
31 2.480357
32 1.819286
33 1.929643
34 1.907143
35 1.803214
36 1.850357
37 1.812857
38 1.807500
39 1.853571
40 1.876071
41 1.796786
42 1.842857
43 1.803214
44 1.787143
45 1.793571
46 1.793571
47 1.702500
48 1.830000
49 1.810714
50 1.689643
51 1.696071
52 1.793571
53 1.773214
54 1.782857
55 1.723929
56 1.810714
57 1.770000
58 1.733571
59 1.770000
60 1.662857
61 1.747500
62 68.660357
63 2.130000
64 1.723929
65 1.823571
66 1.743214
67 1.796786
68 1.833214
69 1.776429
70 1.803214
71 1.849286
72 1.782857
73 1.809643
74 1.692857
75 1.779643
76 1.790357
77 1.759286
78 1.812857
79 1.800000
80 1.790357
81 1.702500
82 1.793571
83 1.787143
84 1.713214
85 1.710000
86 1.717500
87 1.787143
88 1.689643
89 1.820357
90 1.899643
91 1.810714
92 1.826786
93 1.940357
94 188.469643
95 2.209286
96 1.969286
97 1.836429
98 1.810714
99 1.777500
100 1.840714
101 1.779643
102 1.789286
103 1.937143
104 2.250000
105 1.800000
106 1.743214
107 1.913571
108 1.903929
109 1.872857
110 1.860000
111 1.763571
112 1.773214
113 1.710000
114 1.703571
115 1.776429
116 1.813929
117 1.807500
118 1.787143
119 1.727143
120 1.906071
121 1.689643
122 1.853571
123 1.823571
124 1.912500
125 1.800000
126 64.650000
127 2.150357
128 1.729286
129 1.787143
130 1.720714
131 1.776429
132 1.852500
133 1.840714
134 1.816071
135 1.813929
136 1.760357
137 1.817143
138 1.716429
139 1.840714
140 1.886786
141 1.840714
142 1.710000
143 1.820357
144 1.747500
145 1.856786
146 1.826786
147 1.757143
148 1.680000
149 1.686429
150 1.733571
151 1.743214
152 1.783929
153 1.760357
154 1.692857
155 1.830000
156 1.733571
157 1.796786
158 233.184643
159 33.686786
160 2.223214
161 1.730357
162 1.713214
163 1.796786
164 1.849286
165 1.727143
166 1.776429
167 1.896429
168 1.810714
169 1.763571
170 1.837500
171 1.706786
172 1.637143
173 1.700357
174 1.909286
175 1.833214
176 1.703571
177 1.740000
178 1.747500
179 1.700357
180 1.779643
181 1.697143
182 1.770000
183 1.790357
184 1.697143
185 1.752857
186 1.656429
187 1.752857
188 1.807500
189 1.699286
190 69.260357
191 2.057143
192 1.842857
193 1.790357
194 1.756071
195 1.816071
196 1.740000
197 1.770000
198 1.779643
199 1.776429
200 1.826786
1 332.926071
2 421.926429
3 39.103929
4 2.186786
5 1.733571
6 308.574643
7 2.220000
8 1.930714
9 1.839643
10 1.836429
11 1.796786
12 1.752857
13 1.833214
14 64.690714
15 1.980000
16 1.786071
17 1.879286
18 1.839643
19 1.773214
20 1.787143
21 1.803214
22 1.830000
23 1.716429
24 1.869643
25 1.840714
26 1.776429
27 1.823571
28 1.839643
29 1.789286
30 343.733571
31 2.453571
32 1.923214
33 1.946786
34 1.849286
35 1.836429
36 1.756071
37 1.809643
38 1.817143
39 1.776429
40 1.719643
41 1.766786
42 1.753929
43 1.733571
44 1.700357
45 1.650000
46 1.713214
47 1.803214
48 1.836429
49 1.770000
50 1.656429
51 1.770000
52 1.890000
53 1.753929
54 1.766786
55 1.746429
56 1.752857
57 1.723929
58 1.757143
59 1.676786
60 1.706786
61 1.783929
62 68.040000
63 2.136429
64 1.714286
65 1.809643
66 1.853571
67 1.807500
68 1.692857
69 1.790357
70 1.752857
71 1.690714
72 1.790357
73 1.833214
74 1.670357
75 1.753929
76 1.643571
77 1.749643
78 1.720714
79 1.883571
80 1.727143
81 1.716429
82 1.720714
83 1.723929
84 1.710000
85 1.804286
86 1.669286
87 1.766786
88 1.632857
89 1.770000
90 1.657500
91 1.763571
92 1.650000
93 1.723929
94 307.678929
95 2.533929
96 1.899643
97 1.830000
98 1.946786
99 2.913214
100 1.826786
101 1.923214
102 1.879286
103 1.883571
104 1.823571
105 1.834286
106 1.779643
107 1.773214
108 1.700357
109 1.660714
110 1.897500
111 1.670357
112 1.817143
113 1.763571
114 1.820357
115 1.842857
116 1.853571
117 1.796786
118 1.780714
119 1.776429
120 1.670357
121 1.762500
122 1.705714
123 1.696071
124 1.683214
125 1.726071
126 68.156786
127 2.226429
128 1.855714
129 1.783929
130 1.740000
131 1.826786
132 1.789286
133 1.796786
134 1.830000
135 1.759286
136 1.776429
137 1.756071
138 1.886786
139 1.803214
140 1.783929
141 1.637143
142 1.830000
143 1.920000
144 1.714286
145 1.860000
146 1.823571
147 1.820357
148 1.710000
149 1.706786
150 1.850357
151 1.746429
152 1.806429
153 1.842857
154 1.729286
155 1.692857
156 1.830000
157 1.716429
158 291.455357
159 2.543571
160 34.779643
161 2.283214
162 1.792500
163 1.836429
164 1.800000
165 1.820357
166 1.746429
167 1.763571
168 1.830000
169 1.806429
170 1.746429
171 1.782857
172 1.730357
173 1.733571
174 1.856786
175 1.789286
176 1.816071
177 1.710000
178 1.750714
179 1.810714
180 1.706786
181 1.672500
182 1.810714
183 1.740000
184 1.757143
185 1.736786
186 1.786071
187 1.746429
188 1.773214
189 1.753929
190 73.476429
191 2.152500
192 1.863214
193 1.760357
194 1.730357
195 1.703571
196 1.780714
197 1.806429
198 1.692857
199 1.706786
200 1.770000
1 374.508214
2 360.112500
3 38.867143
4 2.113929
5 1.890000
6 317.433214
7 2.449286
8 1.896429
9 1.883571
10 1.890000
11 1.856786
12 1.877143
13 1.836429
14 66.619286
15 2.160000
16 1.793571
17 1.873929
18 1.883571
19 1.787143
20 1.856786
21 1.903929
22 1.763571
23 1.770000
24 1.839643
25 1.820357
26 1.826786
27 1.743214
28 1.866429
29 1.800000
30 246.038571
31 2.503929
32 1.860000
33 2.850000
34 1.823571
35 1.863214
36 1.790357
37 1.807500
38 1.770000
39 1.804286
40 1.760357
41 1.722857
42 1.740000
43 1.823571
44 1.790357
45 1.753929
46 1.662857
47 1.700357
48 1.722857
49 1.783929
50 1.760357
51 1.803214
52 1.790357
53 1.826786
54 1.779643
55 1.760357
56 1.680000
57 1.760357
58 1.786071
59 1.680000
60 1.653214
61 1.730357
62 73.097143
63 2.210357
64 1.763571
65 1.823571
66 1.773214
67 1.820357
68 1.773214
69 1.686429
70 1.746429
71 1.686429
72 1.743214
73 1.662857
74 1.680000
75 1.689643
76 1.743214
77 4.083214
78 1.757143
79 1.689643
80 1.842857
81 1.773214
82 1.749643
83 1.727143
84 1.710000
85 1.763571
86 1.736786
87 1.839643
88 1.820357
89 1.779643
90 1.833214
91 1.886786
92 1.730357
93 1.816071
94 125.289643
95 2.199643
96 1.909286
97 1.866429
98 1.906071
99 1.903929
100 1.896429
101 1.896429
102 1.967143
103 1.779643
104 1.863214
105 2.050714
106 1.850357
107 1.876071
108 1.770000
109 1.782857
110 1.719643
111 1.683214
112 1.727143
113 1.796786
114 1.743214
115 1.719643
116 1.846071
117 1.806429
118 1.842857
119 1.920000
120 1.700357
121 1.840714
122 33.413571
123 2.240357
124 1.839643
125 1.893214
126 63.620357
127 1.986429
128 1.779643
129 1.916786
130 1.780714
131 1.896429
132 1.873929
133 1.836429
134 1.817143
135 1.809643
136 1.786071
137 1.723929
138 1.746429
139 1.700357
140 1.803214
141 1.779643
142 1.786071
143 1.810714
144 1.817143
145 1.766786
146 1.700357
147 1.830000
148 1.896429
149 1.746429
150 1.770000
151 1.717500
152 1.787143
153 1.726071
154 1.946786
155 1.830000
156 1.806429
157 1.740000
158 335.578929
159 2.343214
160 1.830000
161 1.926429
162 1.766786
163 1.876071
164 1.823571
165 1.746429
166 1.823571
167 1.687500
168 1.800000
169 1.790357
170 1.803214
171 1.689643
172 1.803214
173 1.706786
174 1.766786
175 1.743214
176 1.776429
177 1.736786
178 1.773214
179 1.846071
180 1.776429
181 1.630714
182 1.760357
183 1.817143
184 1.763571
185 1.746429
186 1.763571
187 1.736786
188 1.744286
189 1.800000
190 71.226429
191 2.270357
192 1.950000
193 1.793571
194 1.869643
195 1.773214
196 1.836429
197 1.863214
198 1.790357
199 1.820357
200 1.839643
1 402.996429
2 311.322857
3 38.766429
4 1.973571
5 1.816071
6 381.432857
7 2.512500
8 1.852500
9 1.924286
10 1.866429
11 1.809643
12 1.826786
13 1.776429
14 68.720357
15 2.070000
16 1.770000
17 1.873929
18 1.760357
19 1.756071
20 1.773214
21 1.939286
22 1.800000
23 1.789286
24 1.920000
25 1.773214
26 1.747500
27 1.826786
28 1.749643
29 1.890000
30 274.590000
31 2.476071
32 1.896429
33 1.789286
34 1.790357
35 1.839643
36 1.936071
37 1.860000
38 35.780357
39 2.190000
40 1.740000
41 1.837500
42 1.840714
43 1.697143
44 1.766786
45 1.699286
46 1.757143
47 1.706786
48 1.770000
49 1.820357
50 1.762500
51 1.697143
52 1.806429
53 1.770000
54 1.693929
55 1.713214
56 1.746429
57 1.680000
58 1.726071
59 1.833214
60 1.670357
61 1.632857
62 72.372857
63 2.076429
64 1.839643
65 1.719643
66 1.803214
67 1.766786
68 1.839643
69 1.843929
70 1.683214
71 1.782857
72 1.897500
73 1.746429
74 1.820357
75 1.752857
76 1.817143
77 1.812857
78 1.816071
79 1.749643
80 1.759286
81 1.856786
82 1.719643
83 1.793571
84 1.812857
85 1.749643
86 1.806429
87 1.667143
88 1.740000
89 1.727143
90 1.820357
91 1.659643
92 1.660714
93 1.956429
94 369.459643
95 2.502857
96 2.076429
97 1.804286
98 1.793571
99 1.732500
100 1.860000
101 1.697143
102 1.809643
103 1.710000
104 1.809643
105 1.776429
106 1.716429
107 1.686429
108 1.812857
109 1.864286
110 1.803214
111 1.666071
112 1.656429
113 1.866429
114 1.746429
115 1.776429
116 1.756071
117 1.779643
118 1.790357
119 1.830000
120 1.713214
121 1.833214
122 1.723929
123 1.804286
124 1.800000
125 1.710000
126 68.957143
127 2.323929
128 1.860000
129 1.830000
130 1.800000
131 1.700357
132 1.779643
133 1.743214
134 1.776429
135 1.830000
136 1.700357
137 1.683214
138 1.777500
139 1.833214
140 1.720714
141 1.720714
142 1.766786
143 1.766786
144 1.773214
145 1.703571
146 1.773214
147 1.717500
148 1.693929
149 1.650000
150 1.653214
151 1.770000
152 1.659643
153 1.820357
154 1.773214
155 1.650000
156 1.822500
157 1.846071
158 323.695714
159 2.417143
160 1.866429
161 1.773214
162 1.787143
163 1.690714
164 1.680000
165 1.836429
166 1.770000
167 1.840714
168 1.776429
169 1.740000
170 1.790357
171 1.816071
172 1.776429
173 1.663929
174 1.736786
175 1.736786
176 1.686429
177 1.763571
178 1.663929
179 1.743214
180 1.743214
181 1.733571
182 1.706786
183 1.727143
184 1.736786
185 1.786071
186 1.817143
187 1.776429
188 1.673571
189 1.743214
190 72.386786
191 2.199643
192 1.803214
193 1.770000
194 1.743214
195 1.803214
196 1.766786
197 1.736786
198 1.813929
199 1.787143
200 1.719643
1 432.546429
2 374.957143
3 43.722857
4 2.139643
5 1.993929
6 336.707143
7 2.562857
8 11.216786
9 1.869643
10 1.890000
11 1.812857
12 1.896429
13 1.836429
14 68.100000
15 2.370000
16 1.796786
17 1.757143
18 1.743214
19 1.760357
20 1.800000
21 1.779643
22 1.793571
23 1.690714
24 2.070000
25 1.760357
26 1.760357
27 1.909286
28 1.813929
29 1.746429
30 326.004643
31 2.580000
32 1.855714
33 1.780714
34 1.787143
35 1.810714
36 1.795714
37 1.719643
38 1.810714
39 1.782857
40 1.809643
41 1.727143
42 1.733571
43 2.022857
44 1.756071
45 1.680000
46 1.746429
47 1.702500
48 1.650000
49 1.757143
50 1.710000
51 1.780714
52 1.653214
53 1.719643
54 1.740000
55 1.660714
56 1.762500
57 1.646786
58 1.776429
59 1.702500
60 1.770000
61 1.753929
62 71.843571
63 2.253214
64 1.997143
65 1.786071
66 1.710000
67 1.777500
68 1.763571
69 1.779643
70 1.763571
71 1.620000
72 1.763571
73 1.735714
74 1.790357
75 1.689643
76 1.726071
77 1.710000
78 1.686429
79 1.727143
80 1.726071
81 1.736786
82 1.656429
83 1.653214
84 1.620000
85 1.689643
86 1.620000
87 1.716429
88 1.776429
89 1.770000
90 1.823571
91 1.693929
92 1.702500
93 1.620000
94 294.579643
95 2.580000
96 1.867500
97 1.782857
98 1.839643
99 1.782857
100 1.727143
101 1.753929
102 1.809643
103 1.692857
104 1.770000
105 1.686429
106 1.699286
107 1.749643
108 1.773214
109 1.747500
110 1.809643
111 1.749643
112 1.796786
113 1.927500
114 1.726071
115 1.776429
116 1.886786
117 1.746429
118 1.780714
119 1.727143
120 1.653214
121 1.796786
122 1.646786
123 1.705714
124 1.714286
125 1.690714
126 72.060000
127 2.360357
128 1.860000
129 1.810714
130 1.830000
131 1.740000
132 1.776429
133 1.750714
134 1.640357
135 1.676786
136 1.662857
137 1.912500
138 1.740000
139 1.650000
140 1.830000
141 1.666071
142 1.787143
143 1.749643
144 1.823571
145 1.803214
146 1.863214
147 1.779643
148 1.699286
149 1.787143
150 1.667143
151 1.780714
152 1.736786
153 1.792500
154 1.722857
155 1.763571
156 4.003929
157 1.766786
158 98.773929
159 2.353929
160 1.787143
161 1.809643
162 1.869643
163 1.793571
164 1.713214
165 1.786071
166 1.706786
167 1.816071
168 1.713214
169 1.705714
170 1.753929
171 1.759286
172 1.840714
173 1.683214
174 1.703571
175 1.853571
176 1.796786
177 1.823571
178 1.663929
179 1.736786
180 1.804286
181 1.686429
182 1.686429
183 1.774286
184 1.680000
185 1.733571
186 1.723929
187 1.793571
188 1.776429
189 1.713214
190 130.973571
191 2.460000
192 1.817143
193 1.780714
194 1.803214
195 1.877143
196 1.736786
197 1.696071
198 1.740000
199 1.692857
200 1.779643
