  1 21544.642500
  2 685.972500
  3 24.112500
  4 1.095000
  5 0.731786
  6 206.260714
  7 6.153214
  8 3.909643
  9 2.928214
 10 2.825357
 11 2.865000
 12 2.802857
 13 2.728929
 14 1522.252500
 15 3.561429
 16 0.835714
 17 0.823929
 18 2.968929
 19 0.775714
 20 2.872500
 21 2.809286
 22 2.896071
 23 0.770357
 24 2.846786
 25 2.800714
 26 2.773929
 27 2.818929
 28 2.797500
 29 2.844643
 30 2367.970714
 31 1.122857
 32 0.768214
 33 0.768214
 34 3.424286
 35 2.650714
 36 2.776071
 37 2.642143
 38 2.749286
 39 2.642143
 40 18.572143
 41 2.784643
 42 2.601429
 43 0.752143
 44 2.890714
 45 2.612143
 46 0.811071
 47 0.792857
 48 0.808929
 49 3.110357
 50 2.727857
 51 2.560714
 52 2.692500
 53 2.554286
 54 0.827143
 55 0.808929
 56 0.892500
 57 0.781071
 58 2.854286
 59 3.212143
 60 0.859286
 61 2.653929
 62 2321.301429
 63 1.245000
 64 0.803571
 65 1.037143
 66 0.747857
 67 0.819643
 68 0.828214
 69 0.729643
 70 0.821786
 71 0.778929
 72 0.716786
 73 5.811429
 74 3.064286
 75 2.709643
 76 2.657143
 77 3.138214
 78 3.006429
 79 2.981786
 80 3.009643
 81 2.613214
 82 2.911071
 83 2.851071
 84 0.843214
 85 0.841071
 86 2.783571
 87 2.898214
 88 2.914286
 89 2.528571
 90 0.958929
 91 0.925714
 92 0.918214
 93 0.806786
 94 3541.533214
 95 1.324286
 96 0.951429
 97 0.830357
 98 0.833571
 99 0.812143
100 0.773571
101 0.768214
102 0.805714
103 0.817500
104 0.872143
105 0.940714
106 6.071786
107 2.811429
108 2.676429
109 2.716071
110 0.822857
111 0.721071
112 2.683929
113 2.692500
114 0.823929
115 0.721071
116 2.880000
117 2.783571
118 0.805714
119 0.715714
120 9.596786
121 2.745000
122 2.643214
123 0.811071
124 0.727500
125 0.814286
126 2415.760714
127 5.439643
128 2.910000
129 4.909286
130 2.973214
131 2.813571
132 2.717143
133 2.576786
134 2.671071
135 2.916429
136 2.810357
137 2.798571
138 2.657143
139 2.902500
140 0.817500
141 2.930357
142 2.787857
143 2.822143
144 0.853929
145 0.735000
146 2.961429
147 0.775714
148 0.768214
149 0.708214
150 0.772500
151 0.776786
152 2.963571
153 2.742857
154 2.632500
155 2.787857
156 0.830357
157 2.741786
158 2315.224286
159 3.520714
160 2.691429
161 2.762143
162 2.808214
163 2.823214
164 2.843571
165 2.776071
166 2.817857
167 2.604643
168 2.937857
169 2.671071
170 2.661429
171 2.554286
172 2.704286
173 2.648571
174 2.626071
175 2.563929
176 2.645357
177 2.835000
178 2.603571
179 2.738571
180 2.720357
181 2.946429
182 0.842143
183 0.739286
184 2.773929
185 2.604643
186 2.707500
187 0.825000
188 2.798571
189 2.764286
190 2214.797143
191 3.566786
192 2.839286
193 2.741786
194 2.817857
195 2.903571
196 0.834643
197 2.962500
198 0.730714
199 2.839286
200 0.726429
  1 65581.041429
  2 4623.768214
  3 44.286429
  4 1.003929
  5 0.909643
  6 300.092143
  7 2.469643
  8 1.999286
  9 1.770000
 10 1.973571
 11 1.890000
 12 1.847143
 13 13.804286
 14 441.017143
 15 7.869643
 16 1.850357
 17 6.552857
 18 6.618214
 19 3.282857
 20 0.919286
 21 0.807857
 22 3.132857
 23 3.248571
 24 0.795000
 25 3.406071
 26 0.827143
 27 0.855000
 28 2.867143
 29 2.752500
 30 472.681071
 31 2.570357
 32 1.867500
 33 1.877143
 34 1.743214
 35 1.779643
 36 1.826786
 37 1.749643
 38 1.759286
 39 1.780714
 40 1.765714
 41 1.626429
 42 1.675714
 43 1.740000
 44 1.830000
 45 1.766786
 46 1.743214
 47 1.676786
 48 1.753929
 49 1.699286
 50 1.666071
 51 1.710000
 52 1.817143
 53 1.740000
 54 1.736786
 55 1.629643
 56 1.912500
 57 52.460357
 58 1.923214
 59 1.763571
 60 1.819286
 61 1.826786
 62 503.613214
 63 2.520000
 64 1.863214
 65 1.853571
 66 1.816071
 67 1.852500
 68 1.817143
 69 0.827143
 70 0.784286
 71 1.610357
 72 0.804643
 73 0.885000
 74 0.765000
 75 0.805714
 76 0.795000
 77 0.880714
 78 0.881786
 79 0.784286
 80 0.864643
 81 0.780000
 82 0.885000
 83 0.761786
 84 0.763929
 85 0.775714
 86 39.212143
 87 4.336071
 88 0.979286
 89 0.861429
 90 0.811071
 91 0.845357
 92 0.793929
 93 0.826071
 94 53.951786
 95 0.992143
 96 0.777857
 97 0.811071
 98 0.774643
 99 0.773571
100 0.773571
101 0.780000
102 0.701786
103 0.771429
104 0.888214
105 0.768214
106 0.736071
107 0.668571
108 0.756429
109 0.761786
110 0.739286
111 0.760714
112 0.676071
113 0.886071
114 0.795000
115 0.785357
116 0.810000
117 0.787500
118 0.848571
119 0.732857
120 4.546071
121 2.798571
122 0.817500
123 0.777857
124 0.793929
125 0.778929
126 316.995000
127 2.289643
128 1.762500
129 1.736786
130 1.743214
131 1.993929
132 1.756071
133 1.763571
134 1.766786
135 1.656429
136 1.670357
137 1.699286
138 30.590357
139 6.943929
140 6.430714
141 5.946429
142 6.140357
143 6.372857
144 6.070714
145 5.970000
146 6.063214
147 1.756071
148 1.710000
149 1.750714
150 6.462857
151 5.933571
152 1.840714
153 6.543214
154 6.136071
155 6.020357
156 5.880000
157 6.420000
158 110.340000
159 2.179286
160 1.989643
161 1.817143
162 1.782857
163 1.783929
164 1.822500
165 1.759286
166 1.760357
167 1.729286
168 1.779643
169 1.636071
170 1.670357
171 1.763571
172 1.790357
173 1.689643
174 1.756071
175 1.740000
176 1.683214
177 1.766786
178 1.645714
179 1.673571
180 1.632857
181 1.786071
182 1.766786
183 1.760357
184 1.747500
185 1.710000
186 1.759286
187 1.743214
188 1.760357
189 1.670357
190 100.490357
191 2.053929
192 1.930714
193 3.947143
194 1.344643
195 4.269643
196 19.058571
197 3.736071
198 2.353929
199 2.518929
200 0.795000
