  1 392.340000
  2 412.646786
  3 38.933571
  4 2.316429
  5 1.946786
  6 340.072500
  7 2.436429
  8 1.866429
  9 1.910357
 10 1.880357
 11 1.950000
 12 1.893214
 13 1.813929
 14 64.894286
 15 2.256429
 16 2.030357
 17 1.869643
 18 1.863214
 19 1.913571
 20 1.913571
 21 1.872857
 22 1.899643
 23 1.910357
 24 1.803214
 25 1.997143
 26 1.890000
 27 1.986429
 28 1.956429
 29 1.967143
 30 371.197500
 31 2.627143
 32 2.057143
 33 2.083929
 34 2.003571
 35 1.863214
 36 1.920000
 37 1.950000
 38 1.903929
 39 1.927500
 40 1.850357
 41 1.856786
 42 1.839643
 43 1.813929
 44 1.886786
 45 1.836429
 46 1.893214
 47 1.913571
 48 1.830000
 49 1.773214
 50 1.883571
 51 1.793571
 52 1.899643
 53 1.876071
 54 1.855714
 55 1.796786
 56 1.776429
 57 1.992857
 58 1.822500
 59 1.864286
 60 1.983214
 61 2.030357
 62 72.296786
 63 2.239286
 64 1.923214
 65 1.920000
 66 1.930714
 67 1.830000
 68 1.913571
 69 1.853571
 70 1.886786
 71 1.880357
 72 1.967143
 73 1.839643
 74 1.877143
 75 1.940357
 76 1.953214
 77 1.863214
 78 1.943571
 79 1.782857
 80 1.880357
 81 1.793571
 82 1.796786
 83 1.847143
 84 1.893214
 85 1.863214
 86 2.000357
 87 1.823571
 88 1.923214
 89 1.899643
 90 1.916786
 91 1.757143
 92 1.836429
 93 1.806429
 94 240.237857
 95 2.583214
 96 2.002500
 97 1.937143
 98 2.440714
 99 1.953214
100 1.973571
101 1.990714
102 1.932857
103 1.939286
104 1.956429
105 1.936071
106 1.906071
107 1.860000
108 1.787143
109 1.953214
110 1.789286
111 1.793571
112 1.950000
113 1.806429
114 1.932857
115 1.872857
116 1.833214
117 1.869643
118 1.866429
119 1.763571
120 1.853571
121 1.866429
122 1.813929
123 1.796786
124 1.800000
125 1.883571
126 68.963571
127 2.322857
128 2.023929
129 1.860000
130 1.933929
131 1.940357
132 1.903929
133 1.969286
134 1.920000
135 1.833214
136 1.916786
137 2.003571
138 2.163214
139 1.929643
140 1.953214
141 1.886786
142 1.906071
143 1.776429
144 1.866429
145 1.822500
146 1.907143
147 1.789286
148 1.872857
149 1.909286
150 1.976786
151 1.923214
152 1.842857
153 1.967143
154 1.899643
155 1.963929
156 1.929643
157 1.883571
158 234.005357
159 2.603571
160 1.983214
161 2.479286
162 2.032500
163 1.853571
164 1.890000
165 1.773214
166 1.783929
167 1.847143
168 1.762500
169 1.830000
170 1.896429
171 1.787143
172 1.893214
173 1.873929
174 1.890000
175 1.883571
176 1.783929
177 1.807500
178 1.930714
179 1.870714
180 1.766786
181 1.812857
182 1.763571
183 1.819286
184 1.890000
185 1.877143
186 1.932857
187 1.822500
188 1.866429
189 1.819286
190 72.933214
191 2.305714
192 1.923214
193 1.856786
194 1.863214
195 1.863214
196 2.013214
197 1.842857
198 1.866429
199 1.823571
200 1.847143
  1 247.936071
  2 329.703214
  3 42.413571
  4 2.130000
  5 1.929643
  6 141.971786
  7 1.488214
  8 1.170000
  9 1.104643
 10 1.013571
 11 1.093929
 12 0.941786
 13 0.919286
 14 69.225000
 15 2.213571
 16 1.869643
 17 1.830000
 18 1.942500
 19 1.932857
 20 1.879286
 21 1.946786
 22 1.842857
 23 1.890000
 24 1.913571
 25 1.899643
 26 1.882500
 27 1.729286
 28 1.920000
 29 1.812857
 30 228.504643
 31 2.483571
 32 1.886786
 33 1.997143
 34 1.869643
 35 1.864286
 36 34.030714
 37 1.930714
 38 1.929643
 39 1.869643
 40 1.822500
 41 1.873929
 42 1.839643
 43 1.850357
 44 1.876071
 45 1.853571
 46 1.812857
 47 1.856786
 48 1.983214
 49 1.896429
 50 1.795714
 51 1.893214
 52 1.817143
 53 1.806429
 54 1.836429
 55 1.856786
 56 1.923214
 57 1.760357
 58 1.803214
 59 1.789286
 60 1.800000
 61 1.763571
 62 68.946429
 63 2.137500
 64 1.852500
 65 1.946786
 66 1.839643
 67 1.826786
 68 1.896429
 69 1.950000
 70 1.886786
 71 1.872857
 72 1.826786
 73 1.866429
 74 1.929643
 75 1.847143
 76 1.804286
 77 1.800000
 78 1.839643
 79 1.853571
 80 1.839643
 81 1.937143
 82 1.899643
 83 1.790357
 84 1.795714
 85 1.786071
 86 1.693929
 87 1.869643
 88 1.800000
 89 1.813929
 90 1.816071
 91 1.820357
 92 1.860000
 93 1.823571
 94 90.836786
 95 2.327143
 96 1.869643
 97 1.819286
 98 1.833214
 99 1.747500
100 1.850357
101 1.877143
102 1.839643
103 1.740000
104 1.856786
105 1.840714
106 1.770000
107 1.936071
108 1.729286
109 1.680000
110 1.730357
111 1.730357
112 1.720714
113 1.662857
114 2.450357
115 1.826786
116 1.896429
117 1.902857
118 1.793571
119 1.796786
120 1.683214
121 1.773214
122 1.727143
123 1.776429
124 1.752857
125 1.796786
126 289.156071
127 2.143929
128 1.913571
129 1.833214
130 4.036071
131 1.886786
132 1.842857
133 1.896429
134 1.746429
135 1.882500
136 1.803214
137 1.766786
138 1.795714
139 1.812857
140 1.763571
141 1.750714
142 1.719643
143 1.843929
144 1.819286
145 1.782857
146 1.886786
147 1.793571
148 1.826786
149 1.826786
150 1.733571
151 1.790357
152 1.809643
153 1.960714
154 1.863214
155 1.963929
156 1.873929
157 1.907143
158 66.072857
159 2.240357
160 1.946786
161 1.882500
162 1.822500
163 1.803214
164 1.812857
165 1.812857
166 1.902857
167 1.749643
168 1.842857
169 1.790357
170 1.776429
171 1.803214
172 1.866429
173 1.886786
174 1.796786
175 1.836429
176 1.926429
177 1.883571
178 1.916786
179 1.959643
180 1.850357
181 1.839643
182 1.849286
183 1.882500
184 1.883571
185 1.863214
186 1.890000
187 1.743214
188 1.763571
189 1.839643
190 102.307500
191 2.170714
192 1.853571
193 1.800000
194 1.950000
195 1.870714
196 1.800000
197 1.846071
198 1.839643
199 1.812857
200 1.776429
