  1 309.796071
  2 447.099643
  3 39.287143
  4 2.196429
  5 1.843929
  6 303.124286
  7 2.343214
  8 2.060357
  9 1.903929
 10 1.900714
 11 1.883571
 12 1.856786
 13 1.780714
 14 64.836429
 15 2.139643
 16 2.052857
 17 1.897500
 18 1.796786
 19 1.782857
 20 1.713214
 21 1.722857
 22 1.810714
 23 1.787143
 24 1.856786
 25 1.996071
 26 1.840714
 27 1.773214
 28 1.800000
 29 1.826786
 30 298.760357
 31 2.503929
 32 1.910357
 33 1.937143
 34 1.840714
 35 1.746429
 36 1.777500
 37 1.683214
 38 1.697143
 39 1.826786
 40 1.806429
 41 1.796786
 42 1.750714
 43 1.882500
 44 1.770000
 45 1.697143
 46 1.766786
 47 1.809643
 48 1.807500
 49 1.703571
 50 1.770000
 51 1.762500
 52 1.776429
 53 1.770000
 54 1.803214
 55 1.763571
 56 1.847143
 57 1.809643
 58 1.796786
 59 1.686429
 60 1.779643
 61 1.752857
 62 69.653571
 63 2.149286
 64 1.783929
 65 1.779643
 66 1.796786
 67 1.927500
 68 1.766786
 69 1.776429
 70 2.076429
 71 1.880357
 72 1.776429
 73 1.713214
 74 1.787143
 75 1.773214
 76 1.806429
 77 1.787143
 78 1.780714
 79 1.714286
 80 1.716429
 81 1.757143
 82 1.856786
 83 1.719643
 84 1.839643
 85 1.833214
 86 1.763571
 87 1.752857
 88 1.967143
 89 1.659643
 90 1.646786
 91 1.786071
 92 1.706786
 93 1.650000
 94 310.669286
 95 2.360357
 96 1.906071
 97 1.793571
 98 1.877143
 99 1.890000
100 3.013929
101 1.733571
102 1.766786
103 1.740000
104 1.686429
105 1.680000
106 1.853571
107 1.793571
108 1.803214
109 1.646786
110 1.663929
111 1.810714
112 1.770000
113 1.743214
114 1.740000
115 1.749643
116 1.789286
117 1.823571
118 1.676786
119 1.902857
120 1.946786
121 1.786071
122 1.740000
123 1.719643
124 1.800000
125 1.833214
126 64.599643
127 2.167500
128 1.860000
129 1.770000
130 1.803214
131 1.866429
132 1.796786
133 1.850357
134 1.817143
135 1.830000
136 1.820357
137 1.852500
138 1.670357
139 1.716429
140 1.787143
141 1.783929
142 1.743214
143 1.676786
144 1.776429
145 1.683214
146 1.759286
147 1.680000
148 1.666071
149 1.756071
150 1.646786
151 1.830000
152 1.806429
153 1.650000
154 1.740000
155 1.789286
156 1.759286
157 1.670357
158 260.305714
159 2.589643
160 1.932857
161 1.849286
162 34.959643
163 2.117143
164 1.780714
165 1.872857
166 1.812857
167 1.760357
168 1.830000
169 1.743214
170 1.763571
171 1.637143
172 1.783929
173 1.740000
174 1.703571
175 1.760357
176 1.680000
177 1.656429
178 1.760357
179 1.710000
180 1.726071
181 1.713214
182 1.823571
183 1.752857
184 1.847143
185 1.779643
186 1.722857
187 1.680000
188 1.826786
189 1.705714
190 72.726429
191 2.163214
192 1.756071
193 1.746429
194 1.809643
195 1.740000
196 1.787143
197 1.703571
198 1.813929
199 1.770000
200 1.667143
  1 192.424286
  2 237.807857
  3 38.633571
  4 2.243571
  5 1.954286
  6 184.718571
  7 3.136071
  8 2.203929
  9 2.040000
 10 2.070000
 11 2.023929
 12 1.956429
 13 1.966071
 14 56.326071
 15 0.918214
 16 0.758571
 17 0.775714
 18 0.814286
 19 0.697500
 20 0.782143
 21 0.770357
 22 0.711429
 23 0.762857
 24 0.747857
 25 0.771429
 26 0.740357
 27 0.768214
 28 0.731786
 29 0.700714
 30 308.140714
 31 2.622857
 32 2.065714
 33 2.136429
 34 2.066786
 35 1.960714
 36 1.957500
 37 1.953214
 38 1.976786
 39 1.856786
 40 1.943571
 41 2.066786
 42 2.033571
 43 2.082857
 44 1.976786
 45 1.957500
 46 1.983214
 47 1.937143
 48 1.842857
 49 1.986429
 50 2.010000
 51 1.959643
 52 1.920000
 53 1.910357
 54 1.937143
 55 1.907143
 56 1.806429
 57 1.910357
 58 1.943571
 59 1.900714
 60 1.940357
 61 1.833214
 62 71.346429
 63 2.400000
 64 2.003571
 65 39.756429
 66 2.153571
 67 2.053929
 68 2.033571
 69 1.973571
 70 2.022857
 71 1.899643
 72 1.876071
 73 1.890000
 74 2.056071
 75 2.113929
 76 2.020714
 77 1.950000
 78 1.883571
 79 1.912500
 80 1.833214
 81 1.893214
 82 1.950000
 83 1.893214
 84 1.899643
 85 1.907143
 86 1.932857
 87 1.906071
 88 1.929643
 89 1.863214
 90 1.883571
 91 1.896429
 92 1.850357
 93 1.880357
 94 100.160357
 95 2.310000
 96 1.992857
 97 1.973571
 98 1.880357
 99 2.016429
100 2.013214
101 1.936071
102 1.950000
103 1.869643
104 1.773214
105 1.847143
106 1.763571
107 1.856786
108 1.872857
109 1.823571
110 1.779643
111 1.896429
112 1.830000
113 1.860000
114 2.382857
115 1.902857
116 1.936071
117 1.869643
118 1.959643
119 2.022857
120 1.992857
121 1.997143
122 3.280714
123 2.040000
124 2.082857
125 1.976786
126 63.996429
127 2.139643
128 1.993929
129 1.866429
130 1.863214
131 1.953214
132 1.876071
133 1.966071
134 1.863214
135 1.869643
136 1.870714
137 1.943571
138 1.893214
139 1.915714
140 1.836429
141 1.992857
142 1.893214
143 1.959643
144 1.849286
145 1.816071
146 1.863214
147 1.877143
148 1.943571
149 1.950000
150 1.885714
151 1.842857
152 1.972500
153 2.100000
154 2.066786
155 2.060357
156 2.060357
157 1.880357
158 224.426786
159 2.383929
160 1.923214
161 2.010000
162 1.900714
163 1.959643
164 1.916786
165 2.005714
166 1.962857
167 2.103214
168 1.999286
169 1.893214
170 2.026071
171 2.066786
172 2.056071
173 2.052857
174 34.556786
175 2.335714
176 2.010000
177 2.043214
178 2.087143
179 2.029286
180 2.073214
181 2.096786
182 2.003571
183 1.980000
184 2.142857
185 2.000357
186 2.103214
187 2.023929
188 2.030357
189 2.063571
190 70.136786
191 2.220000
192 1.972500
193 2.073214
194 2.096786
195 2.076429
196 2.080714
197 1.960714
198 2.060357
199 2.010000
200 1.910357
