  1 363.564643
  2 322.476429
  3 38.987143
  4 2.096786
  5 1.886786
  6 377.568214
  7 2.496429
  8 1.786071
  9 1.833214
 10 1.756071
 11 1.776429
 12 1.826786
 13 1.906071
 14 68.289643
 15 2.060357
 16 1.869643
 17 1.866429
 18 1.757143
 19 1.856786
 20 1.830000
 21 1.872857
 22 1.727143
 23 1.850357
 24 1.902857
 25 1.877143
 26 1.850357
 27 1.860000
 28 1.833214
 29 1.843929
 30 306.636429
 31 2.480357
 32 1.819286
 33 1.929643
 34 1.907143
 35 1.803214
 36 1.850357
 37 1.812857
 38 1.807500
 39 1.853571
 40 1.876071
 41 1.796786
 42 1.842857
 43 1.803214
 44 1.787143
 45 1.793571
 46 1.793571
 47 1.702500
 48 1.830000
 49 1.810714
 50 1.689643
 51 1.696071
 52 1.793571
 53 1.773214
 54 1.782857
 55 1.723929
 56 1.810714
 57 1.770000
 58 1.733571
 59 1.770000
 60 1.662857
 61 1.747500
 62 68.660357
 63 2.130000
 64 1.723929
 65 1.823571
 66 1.743214
 67 1.796786
 68 1.833214
 69 1.776429
 70 1.803214
 71 1.849286
 72 1.782857
 73 1.809643
 74 1.692857
 75 1.779643
 76 1.790357
 77 1.759286
 78 1.812857
 79 1.800000
 80 1.790357
 81 1.702500
 82 1.793571
 83 1.787143
 84 1.713214
 85 1.710000
 86 1.717500
 87 1.787143
 88 1.689643
 89 1.820357
 90 1.899643
 91 1.810714
 92 1.826786
 93 1.940357
 94 188.469643
 95 2.209286
 96 1.969286
 97 1.836429
 98 1.810714
 99 1.777500
100 1.840714
101 1.779643
102 1.789286
103 1.937143
104 2.250000
105 1.800000
106 1.743214
107 1.913571
108 1.903929
109 1.872857
110 1.860000
111 1.763571
112 1.773214
113 1.710000
114 1.703571
115 1.776429
116 1.813929
117 1.807500
118 1.787143
119 1.727143
120 1.906071
121 1.689643
122 1.853571
123 1.823571
124 1.912500
125 1.800000
126 64.650000
127 2.150357
128 1.729286
129 1.787143
130 1.720714
131 1.776429
132 1.852500
133 1.840714
134 1.816071
135 1.813929
136 1.760357
137 1.817143
138 1.716429
139 1.840714
140 1.886786
141 1.840714
142 1.710000
143 1.820357
144 1.747500
145 1.856786
146 1.826786
147 1.757143
148 1.680000
149 1.686429
150 1.733571
151 1.743214
152 1.783929
153 1.760357
154 1.692857
155 1.830000
156 1.733571
157 1.796786
158 233.184643
159 33.686786
160 2.223214
161 1.730357
162 1.713214
163 1.796786
164 1.849286
165 1.727143
166 1.776429
167 1.896429
168 1.810714
169 1.763571
170 1.837500
171 1.706786
172 1.637143
173 1.700357
174 1.909286
175 1.833214
176 1.703571
177 1.740000
178 1.747500
179 1.700357
180 1.779643
181 1.697143
182 1.770000
183 1.790357
184 1.697143
185 1.752857
186 1.656429
187 1.752857
188 1.807500
189 1.699286
190 69.260357
191 2.057143
192 1.842857
193 1.790357
194 1.756071
195 1.816071
196 1.740000
197 1.770000
198 1.779643
199 1.776429
200 1.826786
  1 167.922857
  2 154.246071
  3 40.700357
  4 2.170714
  5 1.990714
  6 187.930714
  7 2.652857
  8 1.992857
  9 1.853571
 10 1.937143
 11 1.837500
 12 1.834286
 13 1.872857
 14 65.983929
 15 2.262857
 16 1.866429
 17 1.923214
 18 1.850357
 19 1.847143
 20 1.983214
 21 1.860000
 22 1.863214
 23 1.842857
 24 1.770000
 25 1.860000
 26 1.856786
 27 1.893214
 28 1.909286
 29 1.860000
 30 184.447500
 31 2.553214
 32 2.056071
 33 2.169643
 34 1.980000
 35 2.000357
 36 1.833214
 37 1.926429
 38 1.893214
 39 1.869643
 40 1.809643
 41 1.783929
 42 1.779643
 43 1.894286
 44 1.843929
 45 1.863214
 46 1.809643
 47 1.830000
 48 1.820357
 49 1.890000
 50 1.913571
 51 1.883571
 52 1.860000
 53 1.902857
 54 1.883571
 55 1.776429
 56 1.823571
 57 35.373214
 58 2.270357
 59 1.923214
 60 1.893214
 61 1.863214
 62 68.167500
 63 2.166429
 64 2.033571
 65 1.867500
 66 1.897500
 67 1.856786
 68 1.842857
 69 1.877143
 70 1.840714
 71 1.876071
 72 1.855714
 73 1.856786
 74 1.923214
 75 1.946786
 76 1.900714
 77 1.902857
 78 1.890000
 79 1.877143
 80 1.847143
 81 1.866429
 82 1.839643
 83 1.736786
 84 1.800000
 85 1.883571
 86 1.852500
 87 1.787143
 88 1.830000
 89 1.756071
 90 1.803214
 91 34.020000
 92 2.407500
 93 1.850357
 94 65.736429
 95 2.173929
 96 1.972500
 97 1.853571
 98 1.822500
 99 1.806429
100 1.774286
101 1.860000
102 1.860000
103 1.840714
104 1.743214
105 1.883571
106 1.855714
107 1.886786
108 1.840714
109 1.753929
110 1.900714
111 1.817143
112 1.972500
113 1.843929
114 2.327143
115 1.959643
116 1.946786
117 1.937143
118 2.156786
119 34.766786
120 2.273571
121 1.913571
122 1.860000
123 1.890000
124 1.863214
125 1.939286
126 65.456786
127 2.232857
128 1.872857
129 1.886786
130 1.957500
131 1.839643
132 1.902857
133 1.853571
134 1.856786
135 1.786071
136 1.920000
137 1.929643
138 2.049643
139 1.886786
140 1.886786
141 1.886786
142 1.939286
143 1.943571
144 1.864286
145 1.963929
146 1.929643
147 1.906071
148 1.830000
149 1.886786
150 1.907143
151 1.903929
152 1.942500
153 1.997143
154 1.929643
155 1.876071
156 3.069643
157 1.973571
158 64.512857
159 2.163214
160 1.916786
161 1.879286
162 1.902857
163 1.869643
164 1.787143
165 1.850357
166 1.869643
167 2.010000
168 1.883571
169 1.877143
170 1.823571
171 1.886786
172 1.953214
173 4.126071
174 1.823571
175 1.923214
176 1.906071
177 1.930714
178 1.923214
179 1.973571
180 2.076429
181 1.926429
182 1.880357
183 1.879286
184 1.872857
185 1.986429
186 32.913214
187 2.246786
188 1.980000
189 1.902857
190 64.057500
191 2.096786
192 1.883571
193 1.976786
194 1.873929
195 1.916786
196 1.836429
197 1.866429
198 1.924286
199 1.989643
200 1.779643
