  1 332.926071
  2 421.926429
  3 39.103929
  4 2.186786
  5 1.733571
  6 308.574643
  7 2.220000
  8 1.930714
  9 1.839643
 10 1.836429
 11 1.796786
 12 1.752857
 13 1.833214
 14 64.690714
 15 1.980000
 16 1.786071
 17 1.879286
 18 1.839643
 19 1.773214
 20 1.787143
 21 1.803214
 22 1.830000
 23 1.716429
 24 1.869643
 25 1.840714
 26 1.776429
 27 1.823571
 28 1.839643
 29 1.789286
 30 343.733571
 31 2.453571
 32 1.923214
 33 1.946786
 34 1.849286
 35 1.836429
 36 1.756071
 37 1.809643
 38 1.817143
 39 1.776429
 40 1.719643
 41 1.766786
 42 1.753929
 43 1.733571
 44 1.700357
 45 1.650000
 46 1.713214
 47 1.803214
 48 1.836429
 49 1.770000
 50 1.656429
 51 1.770000
 52 1.890000
 53 1.753929
 54 1.766786
 55 1.746429
 56 1.752857
 57 1.723929
 58 1.757143
 59 1.676786
 60 1.706786
 61 1.783929
 62 68.040000
 63 2.136429
 64 1.714286
 65 1.809643
 66 1.853571
 67 1.807500
 68 1.692857
 69 1.790357
 70 1.752857
 71 1.690714
 72 1.790357
 73 1.833214
 74 1.670357
 75 1.753929
 76 1.643571
 77 1.749643
 78 1.720714
 79 1.883571
 80 1.727143
 81 1.716429
 82 1.720714
 83 1.723929
 84 1.710000
 85 1.804286
 86 1.669286
 87 1.766786
 88 1.632857
 89 1.770000
 90 1.657500
 91 1.763571
 92 1.650000
 93 1.723929
 94 307.678929
 95 2.533929
 96 1.899643
 97 1.830000
 98 1.946786
 99 2.913214
100 1.826786
101 1.923214
102 1.879286
103 1.883571
104 1.823571
105 1.834286
106 1.779643
107 1.773214
108 1.700357
109 1.660714
110 1.897500
111 1.670357
112 1.817143
113 1.763571
114 1.820357
115 1.842857
116 1.853571
117 1.796786
118 1.780714
119 1.776429
120 1.670357
121 1.762500
122 1.705714
123 1.696071
124 1.683214
125 1.726071
126 68.156786
127 2.226429
128 1.855714
129 1.783929
130 1.740000
131 1.826786
132 1.789286
133 1.796786
134 1.830000
135 1.759286
136 1.776429
137 1.756071
138 1.886786
139 1.803214
140 1.783929
141 1.637143
142 1.830000
143 1.920000
144 1.714286
145 1.860000
146 1.823571
147 1.820357
148 1.710000
149 1.706786
150 1.850357
151 1.746429
152 1.806429
153 1.842857
154 1.729286
155 1.692857
156 1.830000
157 1.716429
158 291.455357
159 2.543571
160 34.779643
161 2.283214
162 1.792500
163 1.836429
164 1.800000
165 1.820357
166 1.746429
167 1.763571
168 1.830000
169 1.806429
170 1.746429
171 1.782857
172 1.730357
173 1.733571
174 1.856786
175 1.789286
176 1.816071
177 1.710000
178 1.750714
179 1.810714
180 1.706786
181 1.672500
182 1.810714
183 1.740000
184 1.757143
185 1.736786
186 1.786071
187 1.746429
188 1.773214
189 1.753929
190 73.476429
191 2.152500
192 1.863214
193 1.760357
194 1.730357
195 1.703571
196 1.780714
197 1.806429
198 1.692857
199 1.706786
200 1.770000
  1 236.913214
  2 380.772857
  3 40.959643
  4 2.213571
  5 1.916786
  6 271.516071
  7 2.670000
  8 2.086071
  9 1.920000
 10 1.929643
 11 2.090357
 12 1.963929
 13 1.932857
 14 67.170000
 15 2.140714
 16 1.967143
 17 1.823571
 18 1.996071
 19 1.920000
 20 1.896429
 21 1.823571
 22 1.846071
 23 1.847143
 24 1.789286
 25 1.896429
 26 1.936071
 27 1.906071
 28 1.916786
 29 1.896429
 30 330.481071
 31 2.529643
 32 1.953214
 33 1.976786
 34 1.972500
 35 1.926429
 36 1.916786
 37 1.937143
 38 1.967143
 39 1.870714
 40 1.962857
 41 1.869643
 42 1.893214
 43 1.893214
 44 1.850357
 45 1.849286
 46 1.899643
 47 1.899643
 48 1.877143
 49 1.850357
 50 1.773214
 51 1.860000
 52 1.879286
 53 1.954286
 54 1.812857
 55 1.950000
 56 1.836429
 57 2.033571
 58 1.866429
 59 1.929643
 60 1.850357
 61 1.860000
 62 74.760000
 63 2.283214
 64 1.980000
 65 1.890000
 66 2.027143
 67 1.879286
 68 1.894286
 69 1.873929
 70 1.836429
 71 1.896429
 72 1.942500
 73 1.886786
 74 1.987500
 75 1.916786
 76 1.856786
 77 1.853571
 78 1.932857
 79 1.869643
 80 1.920000
 81 1.807500
 82 1.826786
 83 1.817143
 84 1.839643
 85 1.843929
 86 1.853571
 87 1.866429
 88 1.877143
 89 1.866429
 90 1.796786
 91 1.876071
 92 1.846071
 93 1.837500
 94 126.106071
 95 2.370000
 96 2.014286
 97 1.836429
 98 1.803214
 99 1.915714
100 1.863214
101 1.843929
102 1.909286
103 1.839643
104 1.833214
105 1.856786
106 1.776429
107 1.804286
108 1.893214
109 1.790357
110 1.800000
111 1.923214
112 1.860000
113 1.850357
114 2.346429
115 1.839643
116 1.839643
117 1.893214
118 1.856786
119 1.722857
120 1.860000
121 1.774286
122 1.937143
123 1.866429
124 1.722857
125 1.826786
126 104.060357
127 2.126786
128 1.894286
129 1.872857
130 1.886786
131 1.899643
132 1.800000
133 1.863214
134 1.796786
135 1.896429
136 1.776429
137 1.779643
138 1.860000
139 1.856786
140 1.879286
141 1.806429
142 1.752857
143 1.779643
144 1.817143
145 1.872857
146 1.836429
147 1.826786
148 1.823571
149 1.776429
150 1.780714
151 1.833214
152 1.740000
153 1.973571
154 1.890000
155 1.946786
156 1.902857
157 1.900714
158 246.871071
159 2.467500
160 2.063571
161 2.057143
162 2.433214
163 1.923214
164 1.876071
165 1.773214
166 1.806429
167 1.910357
168 1.876071
169 1.890000
170 1.926429
171 1.820357
172 1.866429
173 1.929643
174 1.880357
175 1.847143
176 1.863214
177 1.847143
178 1.770000
179 1.719643
180 1.870714
181 1.809643
182 1.793571
183 1.839643
184 1.803214
185 1.817143
186 1.886786
187 1.880357
188 1.863214
189 1.863214
190 72.696429
191 2.209286
192 1.853571
193 1.913571
194 1.910357
195 1.920000
196 1.866429
197 1.877143
198 1.913571
199 1.882500
200 1.817143
