  1 348.143571
  2 410.403214
  3 42.073929
  4 2.230714
  5 1.773214
  6 372.319286
  7 2.466429
  8 1.999286
  9 1.834286
 10 1.880357
 11 1.833214
 12 1.722857
 13 1.867500
 14 68.523214
 15 2.164286
 16 1.860000
 17 1.743214
 18 1.803214
 19 1.920000
 20 1.776429
 21 1.770000
 22 1.726071
 23 1.813929
 24 1.823571
 25 1.877143
 26 1.743214
 27 1.763571
 28 1.689643
 29 1.779643
 30 242.496429
 31 2.466429
 32 1.876071
 33 4.020000
 34 1.890000
 35 1.780714
 36 1.830000
 37 1.752857
 38 1.777500
 39 1.852500
 40 1.752857
 41 1.763571
 42 1.770000
 43 1.866429
 44 1.783929
 45 1.763571
 46 1.760357
 47 1.756071
 48 1.796786
 49 1.752857
 50 1.686429
 51 1.790357
 52 1.872857
 53 1.680000
 54 1.782857
 55 1.663929
 56 1.766786
 57 1.817143
 58 1.766786
 59 1.684286
 60 1.847143
 61 1.782857
 62 70.342500
 63 2.126786
 64 1.873929
 65 1.752857
 66 1.834286
 67 1.863214
 68 1.836429
 69 1.686429
 70 1.803214
 71 1.710000
 72 1.732500
 73 1.680000
 74 1.692857
 75 1.710000
 76 1.900714
 77 1.727143
 78 1.773214
 79 1.719643
 80 1.762500
 81 1.752857
 82 1.757143
 83 1.687500
 84 1.753929
 85 1.756071
 86 1.757143
 87 1.663929
 88 1.756071
 89 1.860000
 90 1.809643
 91 1.786071
 92 1.856786
 93 1.820357
 94 251.468571
 95 2.170714
 96 34.549286
 97 1.806429
 98 1.967143
 99 1.763571
100 1.744286
101 1.937143
102 1.766786
103 1.880357
104 1.877143
105 1.846071
106 1.852500
107 1.807500
108 1.810714
109 1.706786
110 1.839643
111 1.703571
112 1.803214
113 1.765714
114 1.730357
115 1.696071
116 1.803214
117 1.972500
118 1.843929
119 1.866429
120 1.736786
121 1.753929
122 1.817143
123 1.792500
124 1.796786
125 1.833214
126 65.029286
127 2.220000
128 1.810714
129 1.986429
130 1.902857
131 1.869643
132 1.730357
133 1.923214
134 1.826786
135 1.762500
136 1.876071
137 1.760357
138 1.730357
139 1.676786
140 1.869643
141 1.702500
142 1.760357
143 1.753929
144 1.770000
145 1.692857
146 1.690714
147 1.790357
148 1.752857
149 1.720714
150 1.774286
151 1.820357
152 1.782857
153 1.750714
154 1.780714
155 1.692857
156 1.706786
157 1.675714
158 256.925357
159 2.649643
160 1.869643
161 1.869643
162 1.776429
163 1.716429
164 1.834286
165 1.809643
166 1.800000
167 1.703571
168 1.776429
169 1.806429
170 1.773214
171 1.700357
172 1.666071
173 1.757143
174 1.757143
175 1.740000
176 1.740000
177 1.825714
178 1.747500
179 1.763571
180 1.744286
181 1.683214
182 1.749643
183 1.763571
184 1.687500
185 1.689643
186 1.673571
187 1.747500
188 1.800000
189 1.756071
190 74.776071
191 2.166429
192 1.793571
193 1.833214
194 1.839643
195 1.779643
196 1.696071
197 1.796786
198 1.790357
199 1.766786
200 1.719643
  1 191.700000
  2 195.926786
  3 71.043214
  4 2.213571
  5 1.826786
  6 82.287857
  7 1.090714
  8 0.748929
  9 0.765000
 10 0.830357
 11 0.834643
 12 19.553571
 13 0.896786
 14 32.468571
 15 1.116429
 16 0.801429
 17 0.866786
 18 0.836786
 19 0.838929
 20 0.774643
 21 0.870000
 22 0.777857
 23 0.786429
 24 0.808929
 25 0.827143
 26 0.823929
 27 0.810000
 28 0.769286
 29 0.833571
 30 76.067143
 31 1.084286
 32 0.826071
 33 13.947857
 34 2.382857
 35 1.916786
 36 1.776429
 37 1.834286
 38 1.930714
 39 1.800000
 40 1.893214
 41 1.793571
 42 1.820357
 43 1.776429
 44 1.730357
 45 1.659643
 46 1.813929
 47 1.800000
 48 1.779643
 49 1.790357
 50 1.752857
 51 1.817143
 52 1.806429
 53 1.773214
 54 1.770000
 55 1.689643
 56 1.809643
 57 1.803214
 58 1.713214
 59 1.763571
 60 1.753929
 61 1.803214
 62 67.553571
 63 2.779286
 64 1.943571
 65 2.286429
 66 1.119643
 67 0.836786
 68 0.881786
 69 0.828214
 70 0.789643
 71 0.829286
 72 0.770357
 73 0.880714
 74 0.797143
 75 0.793929
 76 0.790714
 77 0.759643
 78 0.754286
 79 0.808929
 80 0.768214
 81 0.795000
 82 0.751071
 83 0.778929
 84 0.773571
 85 0.778929
 86 0.736071
 87 0.744643
 88 0.758571
 89 0.777857
 90 0.746786
 91 0.780000
 92 0.767143
 93 0.789643
 94 31.779643
 95 0.924643
 96 0.798214
 97 0.771429
 98 0.784286
 99 0.826071
100 0.776786
101 0.765000
102 0.729643
103 0.685714
104 0.755357
105 0.758571
106 0.699643
107 0.691071
108 0.761786
109 0.692143
110 0.751071
111 0.703929
112 0.699643
113 0.698571
114 2.652857
115 1.719643
116 4.110000
117 1.846071
118 1.840714
119 1.705714
120 1.736786
121 1.796786
122 1.823571
123 1.719643
124 1.780714
125 1.699286
126 519.193929
127 2.566071
128 1.890000
129 1.823571
130 1.826786
131 1.743214
132 1.756071
133 1.736786
134 1.773214
135 1.756071
136 1.787143
137 1.766786
138 1.757143
139 1.806429
140 1.790357
141 1.807500
142 1.656429
143 1.776429
144 1.740000
145 1.790357
146 1.779643
147 1.656429
148 1.680000
149 1.766786
150 1.856786
151 1.826786
152 1.763571
153 1.926429
154 1.830000
155 1.763571
156 1.800000
157 1.743214
158 58.985357
159 0.909643
160 0.842143
161 0.745714
162 0.797143
163 0.778929
164 0.800357
165 0.803571
166 0.757500
167 0.772500
168 0.790714
169 0.780000
170 0.799286
171 0.780000
172 0.769286
173 0.802500
174 0.784286
175 0.800357
176 0.759643
177 0.771429
178 0.838929
179 0.806786
180 0.776786
181 0.829286
182 0.761786
183 0.681429
184 0.752143
185 0.800357
186 0.791786
187 0.826071
188 0.762857
189 0.815357
190 232.711071
191 2.419286
192 1.903929
193 1.896429
194 1.856786
195 1.820357
196 1.803214
197 1.817143
198 1.840714
199 1.842857
200 0.867857
