  1 432.546429
  2 374.957143
  3 43.722857
  4 2.139643
  5 1.993929
  6 336.707143
  7 2.562857
  8 11.216786
  9 1.869643
 10 1.890000
 11 1.812857
 12 1.896429
 13 1.836429
 14 68.100000
 15 2.370000
 16 1.796786
 17 1.757143
 18 1.743214
 19 1.760357
 20 1.800000
 21 1.779643
 22 1.793571
 23 1.690714
 24 2.070000
 25 1.760357
 26 1.760357
 27 1.909286
 28 1.813929
 29 1.746429
 30 326.004643
 31 2.580000
 32 1.855714
 33 1.780714
 34 1.787143
 35 1.810714
 36 1.795714
 37 1.719643
 38 1.810714
 39 1.782857
 40 1.809643
 41 1.727143
 42 1.733571
 43 2.022857
 44 1.756071
 45 1.680000
 46 1.746429
 47 1.702500
 48 1.650000
 49 1.757143
 50 1.710000
 51 1.780714
 52 1.653214
 53 1.719643
 54 1.740000
 55 1.660714
 56 1.762500
 57 1.646786
 58 1.776429
 59 1.702500
 60 1.770000
 61 1.753929
 62 71.843571
 63 2.253214
 64 1.997143
 65 1.786071
 66 1.710000
 67 1.777500
 68 1.763571
 69 1.779643
 70 1.763571
 71 1.620000
 72 1.763571
 73 1.735714
 74 1.790357
 75 1.689643
 76 1.726071
 77 1.710000
 78 1.686429
 79 1.727143
 80 1.726071
 81 1.736786
 82 1.656429
 83 1.653214
 84 1.620000
 85 1.689643
 86 1.620000
 87 1.716429
 88 1.776429
 89 1.770000
 90 1.823571
 91 1.693929
 92 1.702500
 93 1.620000
 94 294.579643
 95 2.580000
 96 1.867500
 97 1.782857
 98 1.839643
 99 1.782857
100 1.727143
101 1.753929
102 1.809643
103 1.692857
104 1.770000
105 1.686429
106 1.699286
107 1.749643
108 1.773214
109 1.747500
110 1.809643
111 1.749643
112 1.796786
113 1.927500
114 1.726071
115 1.776429
116 1.886786
117 1.746429
118 1.780714
119 1.727143
120 1.653214
121 1.796786
122 1.646786
123 1.705714
124 1.714286
125 1.690714
126 72.060000
127 2.360357
128 1.860000
129 1.810714
130 1.830000
131 1.740000
132 1.776429
133 1.750714
134 1.640357
135 1.676786
136 1.662857
137 1.912500
138 1.740000
139 1.650000
140 1.830000
141 1.666071
142 1.787143
143 1.749643
144 1.823571
145 1.803214
146 1.863214
147 1.779643
148 1.699286
149 1.787143
150 1.667143
151 1.780714
152 1.736786
153 1.792500
154 1.722857
155 1.763571
156 4.003929
157 1.766786
158 98.773929
159 2.353929
160 1.787143
161 1.809643
162 1.869643
163 1.793571
164 1.713214
165 1.786071
166 1.706786
167 1.816071
168 1.713214
169 1.705714
170 1.753929
171 1.759286
172 1.840714
173 1.683214
174 1.703571
175 1.853571
176 1.796786
177 1.823571
178 1.663929
179 1.736786
180 1.804286
181 1.686429
182 1.686429
183 1.774286
184 1.680000
185 1.733571
186 1.723929
187 1.793571
188 1.776429
189 1.713214
190 130.973571
191 2.460000
192 1.817143
193 1.780714
194 1.803214
195 1.877143
196 1.736786
197 1.696071
198 1.740000
199 1.692857
200 1.779643
  1 346.477500
  2 318.282857
  3 43.806429
  4 2.213571
  5 1.967143
  6 181.796786
  7 2.606786
  8 1.886786
  9 1.885714
 10 1.913571
 11 1.847143
 12 1.877143
 13 1.910357
 14 66.792857
 15 2.036786
 16 1.916786
 17 1.913571
 18 1.864286
 19 1.920000
 20 1.850357
 21 1.850357
 22 1.839643
 23 1.886786
 24 1.817143
 25 4.043571
 26 1.852500
 27 1.909286
 28 1.842857
 29 1.860000
 30 293.410714
 31 2.477143
 32 1.886786
 33 1.913571
 34 1.923214
 35 1.899643
 36 1.849286
 37 1.880357
 38 1.813929
 39 1.866429
 40 1.833214
 41 1.909286
 42 1.780714
 43 1.820357
 44 1.726071
 45 1.853571
 46 1.819286
 47 1.830000
 48 1.847143
 49 1.842857
 50 1.820357
 51 1.826786
 52 1.795714
 53 1.806429
 54 1.800000
 55 1.842857
 56 1.806429
 57 1.766786
 58 1.810714
 59 1.782857
 60 1.770000
 61 1.869643
 62 73.037143
 63 2.202857
 64 1.902857
 65 1.823571
 66 1.923214
 67 1.847143
 68 1.883571
 69 1.896429
 70 1.853571
 71 1.730357
 72 1.816071
 73 1.846071
 74 1.902857
 75 1.846071
 76 1.866429
 77 1.820357
 78 1.846071
 79 1.866429
 80 1.782857
 81 1.809643
 82 1.809643
 83 1.822500
 84 1.837500
 85 1.849286
 86 1.843929
 87 1.880357
 88 1.766786
 89 1.756071
 90 1.726071
 91 1.776429
 92 1.787143
 93 1.833214
 94 235.316786
 95 2.463214
 96 1.867500
 97 1.930714
 98 1.830000
 99 1.729286
100 1.813929
101 1.950000
102 1.823571
103 1.760357
104 1.683214
105 1.796786
106 1.806429
107 1.853571
108 1.916786
109 1.823571
110 1.830000
111 1.773214
112 1.886786
113 1.839643
114 2.250000
115 1.800000
116 1.809643
117 1.866429
118 1.833214
119 1.783929
120 1.823571
121 1.840714
122 1.770000
123 1.826786
124 1.733571
125 1.676786
126 66.350357
127 2.026071
128 1.953214
129 1.929643
130 1.910357
131 1.849286
132 1.750714
133 1.837500
134 1.819286
135 1.756071
136 1.779643
137 1.809643
138 1.752857
139 1.782857
140 1.850357
141 1.890000
142 1.886786
143 1.782857
144 1.732500
145 1.812857
146 1.825714
147 1.716429
148 1.777500
149 1.810714
150 1.800000
151 1.813929
152 1.790357
153 1.890000
154 1.997143
155 1.823571
156 1.902857
157 1.780714
158 826.606071
159 2.530714
160 1.894286
161 1.833214
162 1.970357
163 1.823571
164 1.830000
165 1.839643
166 1.787143
167 1.834286
168 1.897500
169 1.843929
170 1.866429
171 1.903929
172 1.834286
173 1.806429
174 1.796786
175 1.850357
176 1.819286
177 1.816071
178 1.833214
179 1.746429
180 1.803214
181 1.789286
182 1.786071
183 1.803214
184 1.823571
185 1.856786
186 1.853571
187 1.855714
188 1.777500
189 1.872857
190 75.936429
191 2.076429
192 1.973571
193 1.903929
194 1.836429
195 1.932857
196 1.890000
197 1.817143
198 1.886786
199 1.929643
200 1.902857
