  1 402.996429
  2 311.322857
  3 38.766429
  4 1.973571
  5 1.816071
  6 381.432857
  7 2.512500
  8 1.852500
  9 1.924286
 10 1.866429
 11 1.809643
 12 1.826786
 13 1.776429
 14 68.720357
 15 2.070000
 16 1.770000
 17 1.873929
 18 1.760357
 19 1.756071
 20 1.773214
 21 1.939286
 22 1.800000
 23 1.789286
 24 1.920000
 25 1.773214
 26 1.747500
 27 1.826786
 28 1.749643
 29 1.890000
 30 274.590000
 31 2.476071
 32 1.896429
 33 1.789286
 34 1.790357
 35 1.839643
 36 1.936071
 37 1.860000
 38 35.780357
 39 2.190000
 40 1.740000
 41 1.837500
 42 1.840714
 43 1.697143
 44 1.766786
 45 1.699286
 46 1.757143
 47 1.706786
 48 1.770000
 49 1.820357
 50 1.762500
 51 1.697143
 52 1.806429
 53 1.770000
 54 1.693929
 55 1.713214
 56 1.746429
 57 1.680000
 58 1.726071
 59 1.833214
 60 1.670357
 61 1.632857
 62 72.372857
 63 2.076429
 64 1.839643
 65 1.719643
 66 1.803214
 67 1.766786
 68 1.839643
 69 1.843929
 70 1.683214
 71 1.782857
 72 1.897500
 73 1.746429
 74 1.820357
 75 1.752857
 76 1.817143
 77 1.812857
 78 1.816071
 79 1.749643
 80 1.759286
 81 1.856786
 82 1.719643
 83 1.793571
 84 1.812857
 85 1.749643
 86 1.806429
 87 1.667143
 88 1.740000
 89 1.727143
 90 1.820357
 91 1.659643
 92 1.660714
 93 1.956429
 94 369.459643
 95 2.502857
 96 2.076429
 97 1.804286
 98 1.793571
 99 1.732500
100 1.860000
101 1.697143
102 1.809643
103 1.710000
104 1.809643
105 1.776429
106 1.716429
107 1.686429
108 1.812857
109 1.864286
110 1.803214
111 1.666071
112 1.656429
113 1.866429
114 1.746429
115 1.776429
116 1.756071
117 1.779643
118 1.790357
119 1.830000
120 1.713214
121 1.833214
122 1.723929
123 1.804286
124 1.800000
125 1.710000
126 68.957143
127 2.323929
128 1.860000
129 1.830000
130 1.800000
131 1.700357
132 1.779643
133 1.743214
134 1.776429
135 1.830000
136 1.700357
137 1.683214
138 1.777500
139 1.833214
140 1.720714
141 1.720714
142 1.766786
143 1.766786
144 1.773214
145 1.703571
146 1.773214
147 1.717500
148 1.693929
149 1.650000
150 1.653214
151 1.770000
152 1.659643
153 1.820357
154 1.773214
155 1.650000
156 1.822500
157 1.846071
158 323.695714
159 2.417143
160 1.866429
161 1.773214
162 1.787143
163 1.690714
164 1.680000
165 1.836429
166 1.770000
167 1.840714
168 1.776429
169 1.740000
170 1.790357
171 1.816071
172 1.776429
173 1.663929
174 1.736786
175 1.736786
176 1.686429
177 1.763571
178 1.663929
179 1.743214
180 1.743214
181 1.733571
182 1.706786
183 1.727143
184 1.736786
185 1.786071
186 1.817143
187 1.776429
188 1.673571
189 1.743214
190 72.386786
191 2.199643
192 1.803214
193 1.770000
194 1.743214
195 1.803214
196 1.766786
197 1.736786
198 1.813929
199 1.787143
200 1.719643
  1 378.168214
  2 351.462857
  3 41.300357
  4 2.116071
  5 1.926429
  6 314.486786
  7 2.717143
  8 1.980000
  9 1.933929
 10 1.882500
 11 1.776429
 12 1.820357
 13 1.816071
 14 67.675714
 15 2.156786
 16 1.936071
 17 1.946786
 18 1.937143
 19 2.070000
 20 1.943571
 21 1.946786
 22 1.866429
 23 1.897500
 24 1.959643
 25 2.023929
 26 1.880357
 27 2.026071
 28 1.902857
 29 1.883571
 30 351.172500
 31 2.550000
 32 1.923214
 33 1.916786
 34 1.903929
 35 2.019643
 36 1.940357
 37 1.853571
 38 1.849286
 39 1.870714
 40 1.820357
 41 1.820357
 42 1.946786
 43 1.853571
 44 1.890000
 45 1.806429
 46 1.743214
 47 1.823571
 48 1.789286
 49 1.823571
 50 1.773214
 51 1.800000
 52 1.906071
 53 1.727143
 54 1.726071
 55 1.809643
 56 1.823571
 57 1.833214
 58 1.860000
 59 1.846071
 60 1.890000
 61 1.773214
 62 72.380357
 63 2.237143
 64 1.860000
 65 1.860000
 66 1.883571
 67 1.876071
 68 1.886786
 69 1.886786
 70 1.816071
 71 1.807500
 72 1.937143
 73 1.796786
 74 1.820357
 75 1.920000
 76 1.869643
 77 1.776429
 78 1.736786
 79 1.840714
 80 1.863214
 81 1.839643
 82 1.816071
 83 1.776429
 84 1.886786
 85 1.766786
 86 1.864286
 87 1.826786
 88 1.730357
 89 1.856786
 90 1.877143
 91 1.770000
 92 1.776429
 93 1.943571
 94 409.756071
 95 2.592857
 96 1.903929
 97 1.869643
 98 1.790357
 99 1.940357
100 1.789286
101 1.763571
102 1.840714
103 1.923214
104 1.869643
105 1.763571
106 1.716429
107 1.727143
108 1.823571
109 1.873929
110 1.877143
111 1.863214
112 1.825714
113 1.777500
114 2.529643
115 2.026071
116 1.896429
117 2.050714
118 2.023929
119 1.939286
120 1.867500
121 1.923214
122 1.957500
123 1.992857
124 2.000357
125 1.920000
126 72.080357
127 2.203929
128 1.940357
129 1.816071
130 1.843929
131 1.956429
132 1.900714
133 1.890000
134 1.886786
135 1.843929
136 1.849286
137 1.943571
138 1.790357
139 1.853571
140 1.876071
141 1.915714
142 1.863214
143 1.847143
144 1.863214
145 1.923214
146 1.809643
147 1.893214
148 1.896429
149 1.833214
150 1.839643
151 1.779643
152 1.806429
153 1.833214
154 1.950000
155 1.967143
156 2.010000
157 1.999286
158 270.225000
159 2.360357
160 1.946786
161 1.903929
162 1.966071
163 1.907143
164 1.923214
165 1.967143
166 1.959643
167 1.787143
168 1.856786
169 3.486429
170 1.932857
171 1.877143
172 1.890000
173 1.866429
174 1.833214
175 1.856786
176 1.896429
177 1.833214
178 1.773214
179 1.869643
180 1.810714
181 1.940357
182 2.056071
183 1.866429
184 1.820357
185 1.740000
186 1.786071
187 1.766786
188 1.787143
189 1.840714
190 3.220714
191 1.882500
192 1.883571
193 1.920000
194 1.869643
195 1.883571
196 1.779643
197 1.830000
198 1.856786
199 1.759286
200 1.823571
