  1 339.527143
  2 355.040357
  3 39.529286
  4 2.237143
  5 2.059286
  6 358.976786
  7 2.550000
  8 2.163214
  9 1.976786
 10 2.236071
 11 2.053929
 12 4.273929
 13 0.811071
 14 27.326786
 15 0.866786
 16 0.724286
 17 0.773571
 18 0.808929
 19 0.790714
 20 0.799286
 21 0.745714
 22 0.774643
 23 0.780000
 24 0.769286
 25 0.793929
 26 0.750000
 27 0.774643
 28 0.709286
 29 0.770357
 30 390.081429
 31 2.553214
 32 2.117143
 33 2.052857
 34 2.053929
 35 1.990714
 36 2.076429
 37 2.109643
 38 2.119286
 39 2.040000
 40 2.133214
 41 1.946786
 42 2.070000
 43 1.953214
 44 1.973571
 45 1.946786
 46 2.036786
 47 1.970357
 48 2.010000
 49 2.062500
 50 2.013214
 51 1.932857
 52 1.950000
 53 2.029286
 54 1.999286
 55 2.070000
 56 2.036786
 57 2.049643
 58 2.029286
 59 2.062500
 60 2.033571
 61 1.983214
 62 71.616429
 63 2.396786
 64 2.147143
 65 2.093571
 66 2.077500
 67 2.013214
 68 2.013214
 69 2.086071
 70 2.183571
 71 2.043214
 72 1.976786
 73 2.033571
 74 2.026071
 75 1.930714
 76 2.016429
 77 1.970357
 78 1.940357
 79 2.006786
 80 1.929643
 81 1.946786
 82 2.040000
 83 2.046429
 84 2.016429
 85 2.052857
 86 2.019643
 87 1.956429
 88 1.956429
 89 2.096786
 90 2.083929
 91 2.057143
 92 2.062500
 93 4.239643
 94 84.613929
 95 2.362500
 96 2.013214
 97 2.107500
 98 2.059286
 99 2.019643
100 1.956429
101 2.106429
102 2.016429
103 2.003571
104 2.100000
105 2.006786
106 2.090357
107 2.046429
108 2.016429
109 2.066786
110 1.932857
111 1.976786
112 2.019643
113 1.996071
114 3.416786
115 2.169643
116 2.196429
117 2.136429
118 2.073214
119 2.066786
120 2.096786
121 1.992857
122 2.090357
123 2.086071
124 2.090357
125 2.003571
126 67.440000
127 2.359286
128 2.090357
129 2.116071
130 2.013214
131 2.070000
132 2.126786
133 2.113929
134 2.013214
135 2.017500
136 2.190000
137 2.006786
138 2.076429
139 2.079643
140 2.109643
141 2.074286
142 2.079643
143 2.003571
144 2.119286
145 2.010000
146 2.006786
147 2.093571
148 2.047500
149 2.130000
150 2.040000
151 2.010000
152 3.033214
153 2.076429
154 2.033571
155 1.999286
156 2.106429
157 2.040000
158 64.176429
159 2.150357
160 2.106429
161 1.956429
162 2.030357
163 1.973571
164 2.056071
165 1.939286
166 2.002500
167 2.062500
168 1.960714
169 2.017500
170 1.916786
171 2.047500
172 1.950000
173 2.003571
174 1.959643
175 2.074286
176 1.963929
177 1.923214
178 2.030357
179 1.920000
180 1.910357
181 1.980000
182 1.990714
183 1.989643
184 2.076429
185 2.049643
186 2.032500
187 1.983214
188 1.980000
189 2.030357
190 274.809643
191 2.650714
192 2.126786
193 2.119286
194 2.046429
195 2.106429
196 2.116071
197 2.073214
198 2.106429
199 1.983214
200 2.086071
