  1 289.329643
  2 428.023929
  3 48.139286
  4 7.536429
  5 2.259643
  6 442.884643
  7 8.460000
  8 6.990000
  9 6.873214
 10 7.039286
 11 6.810000
 12 6.759643
 13 2.052857
 14 68.530714
 15 2.420357
 16 1.992857
 17 9.300000
 18 2.040000
 19 1.999286
 20 1.959643
 21 2.006786
 22 1.946786
 23 1.973571
 24 1.910357
 25 2.026071
 26 1.894286
 27 7.523571
 28 2.106429
 29 6.923571
 30 419.571429
 31 8.273571
 32 6.879643
 33 4.280357
 34 2.052857
 35 7.376786
 36 2.120357
 37 7.220357
 38 2.066786
 39 6.879643
 40 2.029286
 41 2.166429
 42 2.022857
 43 2.196429
 44 2.166429
 45 2.163214
 46 2.116071
 47 2.093571
 48 2.030357
 49 2.093571
 50 2.066786
 51 1.980000
 52 1.932857
 53 1.943571
 54 2.043214
 55 2.060357
 56 1.996071
 57 1.993929
 58 1.976786
 59 2.079643
 60 2.082857
 61 2.010000
 62 108.579643
 63 2.490000
 64 2.030357
 65 2.100000
 66 2.182500
 67 2.052857
 68 2.130000
 69 2.122500
 70 1.937143
 71 2.027143
 72 2.043214
 73 1.940357
 74 2.040000
 75 1.959643
 76 1.972500
 77 2.076429
 78 2.066786
 79 2.013214
 80 2.059286
 81 39.037500
 82 2.425714
 83 2.046429
 84 2.190000
 85 2.190000
 86 2.160000
 87 2.126786
 88 2.122500
 89 2.010000
 90 2.117143
 91 1.967143
 92 2.974286
 93 2.169643
 94 70.689643
 95 2.286429
 96 2.142857
 97 2.046429
 98 2.052857
 99 2.139643
100 2.056071
101 2.106429
102 2.103214
103 2.087143
104 2.076429
105 1.973571
106 2.089286
107 2.076429
108 2.090357
109 2.066786
110 1.970357
111 2.052857
112 2.036786
113 2.036786
114 1.983214
115 2.092500
116 1.962857
117 2.003571
118 2.077500
119 2.056071
120 2.033571
121 1.959643
122 2.026071
123 1.929643
124 2.003571
125 1.980000
126 101.240357
127 2.322857
128 2.156786
129 2.109643
130 2.106429
131 2.103214
132 2.123571
133 2.030357
134 2.053929
135 2.096786
136 2.006786
137 1.907143
138 2.026071
139 2.180357
140 1.957500
141 2.076429
142 2.059286
143 2.030357
144 2.019643
145 1.953214
146 1.980000
147 1.996071
148 1.969286
149 1.986429
150 2.032500
151 1.946786
152 2.006786
153 1.963929
154 1.967143
155 1.943571
156 1.970357
157 1.983214
158 62.073214
159 2.206071
160 2.022857
161 2.063571
162 2.049643
163 2.040000
164 2.056071
165 1.950000
166 2.040000
167 1.950000
168 1.973571
169 2.030357
170 1.946786
171 2.000357
172 2.079643
173 2.000357
174 1.927500
175 1.993929
176 1.972500
177 1.907143
178 2.013214
179 1.932857
180 1.973571
181 1.953214
182 1.963929
183 1.986429
184 1.929643
185 2.087143
186 2.022857
187 2.032500
188 1.946786
189 2.066786
190 135.192857
191 2.302500
192 2.070000
193 2.057143
194 1.980000
195 2.014286
196 2.000357
197 2.036786
198 2.030357
199 1.973571
200 2.016429
