  1 289.528929
  2 332.450357
  3 38.316429
  4 2.316429
  5 1.997143
  6 265.740000
  7 2.303571
  8 2.142857
  9 2.066786
 10 2.060357
 11 2.052857
 12 2.030357
 13 2.013214
 14 83.576786
 15 2.292857
 16 2.020714
 17 1.999286
 18 2.022857
 19 2.096786
 20 2.047500
 21 2.057143
 22 1.976786
 23 1.900714
 24 2.106429
 25 1.996071
 26 2.033571
 27 2.019643
 28 1.967143
 29 2.093571
 30 98.272500
 31 2.306786
 32 2.683929
 33 2.176071
 34 2.090357
 35 2.022857
 36 1.986429
 37 2.083929
 38 1.970357
 39 2.513571
 40 2.080714
 41 2.093571
 42 2.133214
 43 1.963929
 44 2.082857
 45 2.109643
 46 2.029286
 47 1.976786
 48 2.029286
 49 1.969286
 50 1.953214
 51 2.020714
 52 2.016429
 53 2.003571
 54 1.932857
 55 2.057143
 56 2.000357
 57 2.017500
 58 1.962857
 59 2.033571
 60 1.973571
 61 2.106429
 62 65.993571
 63 2.403214
 64 2.137500
 65 2.003571
 66 2.100000
 67 2.107500
 68 2.122500
 69 2.079643
 70 2.022857
 71 2.080714
 72 2.010000
 73 2.036786
 74 1.986429
 75 2.092500
 76 2.063571
 77 1.946786
 78 2.056071
 79 2.003571
 80 1.986429
 81 2.122500
 82 1.943571
 83 1.940357
 84 2.053929
 85 2.134286
 86 2.117143
 87 2.052857
 88 2.062500
 89 1.970357
 90 1.920000
 91 2.027143
 92 2.066786
 93 3.536786
 94 65.930357
 95 2.400000
 96 2.040000
 97 2.083929
 98 1.999286
 99 2.093571
100 2.057143
101 2.040000
102 1.972500
103 2.043214
104 1.953214
105 1.970357
106 2.066786
107 1.989643
108 2.074286
109 2.073214
110 2.046429
111 2.074286
112 1.950000
113 2.103214
114 2.050714
115 1.996071
116 3.090000
117 2.199643
118 2.139643
119 2.136429
120 2.070000
121 2.052857
122 2.076429
123 1.989643
124 2.073214
125 2.103214
126 65.976429
127 2.363571
128 2.043214
129 2.086071
130 2.006786
131 2.063571
132 1.946786
133 2.065714
134 2.070000
135 2.093571
136 2.040000
137 1.980000
138 1.973571
139 2.052857
140 2.040000
141 2.073214
142 1.930714
143 1.976786
144 2.036786
145 2.019643
146 2.136429
147 3.042857
148 2.186786
149 2.130000
150 2.093571
151 2.113929
152 2.019643
153 1.980000
154 1.992857
155 2.043214
156 2.065714
157 1.937143
158 63.085714
159 2.300357
160 1.984286
161 2.036786
162 1.986429
163 1.987500
164 1.983214
165 1.970357
166 2.010000
167 1.913571
168 1.932857
169 1.997143
170 2.052857
171 2.076429
172 1.989643
173 2.010000
174 1.986429
175 1.959643
176 1.962857
177 2.022857
178 1.916786
179 1.923214
180 2.046429
181 1.926429
182 1.926429
183 1.990714
184 2.056071
185 2.030357
186 2.056071
187 2.059286
188 33.713571
189 2.589643
190 65.082857
191 2.229643
192 2.017500
193 2.003571
194 1.992857
195 2.087143
196 2.100000
197 1.986429
198 2.113929
199 1.973571
200 1.932857
