  1 384.619286
  2 324.353571
  3 39.249643
  4 2.220000
  5 2.066786
  6 475.601786
  7 2.493214
  8 2.253214
  9 2.123571
 10 2.133214
 11 2.083929
 12 2.106429
 13 2.087143
 14 31.305000
 15 0.836786
 16 0.826071
 17 0.825000
 18 0.787500
 19 0.773571
 20 0.778929
 21 0.781071
 22 0.807857
 23 0.750000
 24 0.790714
 25 0.795000
 26 0.804643
 27 0.789643
 28 0.804643
 29 0.780000
 30 326.733214
 31 2.562857
 32 2.133214
 33 2.089286
 34 2.086071
 35 2.106429
 36 2.006786
 37 2.056071
 38 2.093571
 39 1.973571
 40 0.919286
 41 0.781071
 42 0.711429
 43 0.923571
 44 0.790714
 45 0.728571
 46 0.729643
 47 0.728571
 48 0.785357
 49 0.776786
 50 0.705000
 51 0.724286
 52 0.786429
 53 0.776786
 54 0.703929
 55 0.782143
 56 0.798214
 57 0.759643
 58 0.699643
 59 0.743571
 60 0.775714
 61 0.773571
 62 32.574643
 63 0.926786
 64 0.756429
 65 0.812143
 66 0.814286
 67 0.816429
 68 0.807857
 69 0.725357
 70 0.783214
 71 0.782143
 72 0.725357
 73 0.720000
 74 0.802500
 75 0.791786
 76 0.793929
 77 0.806786
 78 0.730714
 79 0.785357
 80 0.786429
 81 0.716786
 82 0.783214
 83 0.718929
 84 0.711429
 85 0.780000
 86 0.722143
 87 0.712500
 88 0.832500
 89 3.909643
 90 0.897857
 91 0.876429
 92 0.901071
 93 0.814286
 94 65.689286
 95 1.053214
 96 0.924643
 97 0.968571
 98 1.017857
 99 0.919286
100 0.896786
101 0.893571
102 0.863571
103 0.882857
104 0.878571
105 0.865714
106 0.805714
107 0.876429
108 0.813214
109 0.826071
110 1.131429
111 0.842143
112 0.894643
113 0.908571
114 0.911786
115 0.878571
116 0.918214
117 0.898929
118 0.889286
119 0.896786
120 0.816429
121 0.838929
122 0.894643
123 0.878571
124 0.877500
125 1.786071
126 28.890000
127 0.853929
128 0.816429
129 0.813214
130 0.770357
131 0.776786
132 0.767143
133 0.815357
134 0.772500
135 0.756429
136 0.710357
137 0.761786
138 0.750000
139 0.826071
140 0.793929
141 0.790714
142 0.792857
143 0.751071
144 0.737143
145 0.785357
146 0.725357
147 0.735000
148 0.790714
149 0.720000
150 0.805714
151 0.708214
152 0.714643
153 0.793929
154 0.778929
155 4.001786
156 0.828214
157 0.812143
158 78.122143
159 1.068214
160 0.906429
161 0.826071
162 0.847500
163 0.845357
164 0.858214
165 0.823929
166 0.840000
167 0.800357
168 0.806786
169 0.840000
170 15.729643
171 0.979286
172 0.879643
173 0.868929
174 0.924643
175 0.917143
176 0.836786
177 0.842143
178 0.832500
179 0.806786
180 0.852857
181 0.825000
182 0.821786
183 0.807857
184 0.883929
185 0.822857
186 0.927857
187 0.781071
188 0.795000
189 0.801429
190 29.738571
191 0.904286
192 0.844286
193 0.843214
194 0.832500
195 0.831429
196 0.786429
197 0.792857
198 0.802500
199 0.773571
200 0.772500
