  1 491.990357
  2 379.136786
  3 42.320357
  4 2.292857
  5 2.170714
  6 581.023929
  7 2.426786
  8 2.216786
  9 2.220000
 10 2.256429
 11 2.177143
 12 2.180357
 13 2.083929
 14 67.449643
 15 2.483571
 16 2.202857
 17 2.079643
 18 2.125714
 19 2.206071
 20 2.090357
 21 2.126786
 22 2.090357
 23 2.120357
 24 2.003571
 25 2.052857
 26 2.033571
 27 2.133214
 28 2.077500
 29 2.176071
 30 289.671429
 31 2.540357
 32 2.237143
 33 3.197143
 34 2.126786
 35 2.150357
 36 2.116071
 37 2.186786
 38 2.120357
 39 2.163214
 40 2.142857
 41 2.116071
 42 2.013214
 43 2.010000
 44 2.077500
 45 2.023929
 46 2.030357
 47 2.013214
 48 1.962857
 49 2.016429
 50 2.053929
 51 2.109643
 52 2.090357
 53 1.993929
 54 2.083929
 55 1.967143
 56 1.969286
 57 2.040000
 58 1.953214
 59 1.963929
 60 2.106429
 61 2.019643
 62 79.653214
 63 2.507143
 64 2.149286
 65 2.160000
 66 2.032500
 67 2.079643
 68 2.107500
 69 2.090357
 70 2.083929
 71 2.096786
 72 2.052857
 73 2.027143
 74 2.173929
 75 2.103214
 76 2.043214
 77 2.052857
 78 2.103214
 79 1.999286
 80 2.060357
 81 2.023929
 82 2.089286
 83 2.096786
 84 2.059286
 85 2.030357
 86 2.106429
 87 2.190000
 88 2.043214
 89 2.040000
 90 2.140714
 91 2.056071
 92 2.033571
 93 2.043214
 94 103.430357
 95 2.605714
 96 2.229643
 97 2.090357
 98 2.240357
 99 2.199643
100 2.246786
101 2.232857
102 2.190000
103 2.176071
104 2.160000
105 2.246786
106 2.112857
107 2.236071
108 2.116071
109 2.166429
110 2.177143
111 2.194286
112 2.186786
113 2.206071
114 2.096786
115 2.126786
116 2.226429
117 2.050714
118 2.190000
119 2.202857
120 2.166429
121 2.176071
122 2.057143
123 2.053929
124 3.549643
125 2.286429
126 66.723214
127 2.350714
128 2.100000
129 2.194286
130 2.203929
131 2.070000
132 2.079643
133 2.153571
134 2.123571
135 2.156786
136 2.216786
137 2.116071
138 2.193214
139 2.065714
140 2.143929
141 2.133214
142 2.126786
143 2.147143
144 2.169643
145 2.066786
146 2.150357
147 2.096786
148 2.167500
149 2.186786
150 2.152500
151 2.136429
152 2.142857
153 2.186786
154 2.093571
155 2.120357
156 2.073214
157 2.036786
158 81.552857
159 2.482500
160 2.130000
161 2.176071
162 2.163214
163 2.113929
164 2.169643
165 2.117143
166 2.186786
167 2.079643
168 2.060357
169 2.036786
170 2.023929
171 2.086071
172 2.090357
173 2.113929
174 2.130000
175 2.022857
176 2.033571
177 2.536071
178 2.163214
179 2.136429
180 2.203929
181 2.143929
182 2.103214
183 2.043214
184 2.076429
185 2.046429
186 2.023929
187 2.082857
188 2.083929
189 2.022857
190 67.116429
191 2.376429
192 2.166429
193 2.050714
194 2.139643
195 2.139643
196 2.073214
197 2.059286
198 2.070000
199 1.989643
200 2.023929
