  1 414.159643
  2 481.955357
  3 47.823214
  4 7.713214
  5 7.302857
  6 384.891429
  7 8.529643
  8 7.530000
  9 2.206071
 10 2.262857
 11 2.059286
 12 2.083929
 13 7.830000
 14 67.880357
 15 2.310000
 16 2.047500
 17 2.120357
 18 2.046429
 19 2.140714
 20 2.100000
 21 2.120357
 22 2.013214
 23 2.066786
 24 2.016429
 25 9.560357
 26 6.903214
 27 6.940714
 28 6.980357
 29 2.079643
 30 267.605357
 31 42.900000
 32 2.376429
 33 9.636429
 34 2.172857
 35 6.896786
 36 2.096786
 37 2.186786
 38 2.180357
 39 1.959643
 40 2.082857
 41 1.992857
 42 2.010000
 43 1.926429
 44 2.052857
 45 1.950000
 46 1.956429
 47 2.053929
 48 1.980000
 49 1.923214
 50 2.096786
 51 2.066786
 52 1.959643
 53 2.046429
 54 1.976786
 55 1.983214
 56 1.983214
 57 1.976786
 58 2.022857
 59 1.980000
 60 1.973571
 61 2.003571
 62 70.902857
 63 2.466429
 64 2.160000
 65 2.116071
 66 2.116071
 67 2.063571
 68 1.989643
 69 2.049643
 70 1.992857
 71 1.967143
 72 2.070000
 73 2.073214
 74 2.023929
 75 1.957500
 76 1.950000
 77 2.029286
 78 1.987500
 79 1.950000
 80 1.976786
 81 1.986429
 82 1.973571
 83 1.966071
 84 2.003571
 85 2.027143
 86 2.130000
 87 2.027143
 88 2.013214
 89 2.026071
 90 1.980000
 91 2.033571
 92 1.980000
 93 1.946786
 94 100.493571
 95 2.319643
 96 2.073214
 97 2.036786
 98 1.970357
 99 2.035714
100 2.709643
101 2.136429
102 1.983214
103 2.052857
104 2.103214
105 2.022857
106 2.006786
107 2.096786
108 2.057143
109 1.930714
110 2.002500
111 1.972500
112 2.172857
113 2.066786
114 1.916786
115 1.976786
116 3.116786
117 2.156786
118 2.109643
119 2.059286
120 2.063571
121 2.113929
122 2.053929
123 37.433571
124 2.363571
125 2.100000
126 68.966786
127 2.266071
128 2.066786
129 2.082857
130 2.100000
131 1.963929
132 2.036786
133 1.890000
134 2.005714
135 1.962857
136 1.976786
137 1.910357
138 1.950000
139 1.883571
140 1.890000
141 1.956429
142 1.967143
143 1.880357
144 1.970357
145 1.847143
146 1.860000
147 1.976786
148 1.959643
149 1.946786
150 1.992857
151 1.983214
152 1.893214
153 1.933929
154 1.999286
155 2.003571
156 1.963929
157 1.959643
158 95.960357
159 2.306786
160 2.030357
161 2.010000
162 1.933929
163 2.006786
164 1.989643
165 1.963929
166 1.999286
167 1.923214
168 1.903929
169 1.902857
170 1.967143
171 1.950000
172 1.953214
173 1.893214
174 1.939286
175 1.990714
176 1.983214
177 1.880357
178 2.033571
179 1.920000
180 2.080714
181 1.956429
182 2.019643
183 1.960714
184 1.927500
185 1.916786
186 1.989643
187 1.896429
188 2.013214
189 1.896429
190 94.870714
191 2.400000
192 2.026071
193 1.997143
194 1.970357
195 2.063571
196 2.043214
197 1.966071
198 2.036786
199 1.959643
200 2.126786
