  1 394.102500
  2 322.863214
  3 39.909643
  4 2.340000
  5 2.126786
  6 281.016429
  7 2.400000
  8 2.093571
  9 2.216786
 10 2.273571
 11 2.113929
 12 2.076429
 13 10.759286
 14 65.777143
 15 2.537143
 16 2.123571
 17 2.070000
 18 2.082857
 19 2.143929
 20 2.136429
 21 2.026071
 22 2.066786
 23 1.980000
 24 2.090357
 25 2.089286
 26 2.040000
 27 2.056071
 28 2.052857
 29 2.133214
 30 204.553929
 31 2.730000
 32 2.119286
 33 2.130000
 34 2.019643
 35 2.083929
 36 2.207143
 37 2.153571
 38 2.103214
 39 2.040000
 40 2.026071
 41 2.060357
 42 2.126786
 43 2.119286
 44 2.142857
 45 2.100000
 46 2.030357
 47 2.066786
 48 1.986429
 49 2.016429
 50 2.193214
 51 2.066786
 52 1.997143
 53 2.003571
 54 2.019643
 55 1.939286
 56 2.047500
 57 2.020714
 58 2.036786
 59 2.030357
 60 2.036786
 61 1.973571
 62 74.177143
 63 2.447143
 64 2.193214
 65 2.136429
 66 2.029286
 67 2.169643
 68 2.030357
 69 2.053929
 70 2.047500
 71 1.954286
 72 2.040000
 73 1.973571
 74 2.016429
 75 1.950000
 76 2.059286
 77 2.070000
 78 1.966071
 79 1.980000
 80 1.929643
 81 2.063571
 82 2.010000
 83 2.014286
 84 1.980000
 85 1.992857
 86 38.407500
 87 2.359286
 88 2.046429
 89 2.163214
 90 2.147143
 91 2.126786
 92 2.049643
 93 2.179286
 94 67.433571
 95 2.486786
 96 2.166429
 97 2.123571
 98 2.063571
 99 2.083929
100 2.090357
101 1.983214
102 2.016429
103 2.006786
104 2.096786
105 2.086071
106 2.093571
107 2.163214
108 2.116071
109 2.123571
110 2.033571
111 2.103214
112 2.082857
113 2.003571
114 2.063571
115 2.063571
116 2.063571
117 1.970357
118 2.063571
119 3.846429
120 2.412857
121 2.153571
122 2.096786
123 2.113929
124 2.027143
125 2.100000
126 67.950000
127 2.430000
128 2.215714
129 2.082857
130 2.027143
131 2.066786
132 2.066786
133 1.993929
134 2.053929
135 2.005714
136 2.106429
137 2.134286
138 2.019643
139 2.010000
140 2.117143
141 2.049643
142 2.090357
143 2.156786
144 2.049643
145 2.006786
146 2.136429
147 2.109643
148 2.119286
149 4.359643
150 2.150357
151 3.470357
152 2.306786
153 2.166429
154 2.143929
155 2.149286
156 2.019643
157 2.156786
158 62.986071
159 2.420357
160 2.263929
161 2.169643
162 2.236071
163 2.056071
164 2.079643
165 2.120357
166 2.006786
167 2.026071
168 2.100000
169 2.006786
170 2.047500
171 2.096786
172 2.036786
173 4.360714
174 2.100000
175 1.993929
176 2.016429
177 2.010000
178 1.933929
179 2.130000
180 2.086071
181 2.073214
182 1.826786
183 2.083929
184 1.969286
185 1.976786
186 2.000357
187 2.109643
188 3.377143
189 2.232857
190 66.050357
191 2.386071
192 2.087143
193 2.103214
194 2.126786
195 2.117143
196 2.130000
197 2.033571
198 2.110714
199 2.123571
200 2.119286
