  1 274.247143
  2 324.508929
  3 38.859643
  4 2.316429
  5 1.916786
  6 260.259643
  7 2.340000
  8 2.112857
  9 2.163214
 10 2.243571
 11 2.186786
 12 2.066786
 13 2.049643
 14 64.290000
 15 2.453571
 16 2.000357
 17 1.976786
 18 1.969286
 19 2.016429
 20 2.019643
 21 2.060357
 22 1.940357
 23 1.926429
 24 1.936071
 25 1.980000
 26 2.013214
 27 2.029286
 28 1.967143
 29 2.006786
 30 193.487143
 31 2.483571
 32 2.112857
 33 2.043214
 34 2.793214
 35 4.293214
 36 2.123571
 37 2.112857
 38 2.023929
 39 2.087143
 40 2.059286
 41 2.013214
 42 2.103214
 43 2.019643
 44 2.066786
 45 2.020714
 46 2.033571
 47 2.030357
 48 1.980000
 49 1.983214
 50 2.043214
 51 2.013214
 52 1.989643
 53 2.023929
 54 2.033571
 55 1.946786
 56 1.953214
 57 2.010000
 58 2.036786
 59 2.036786
 60 1.926429
 61 1.970357
 62 74.700000
 63 2.479286
 64 2.117143
 65 2.082857
 66 2.030357
 67 2.110714
 68 2.093571
 69 2.049643
 70 2.019643
 71 2.199643
 72 2.016429
 73 2.022857
 74 1.933929
 75 1.970357
 76 2.033571
 77 2.030357
 78 2.027143
 79 2.043214
 80 1.953214
 81 2.030357
 82 2.976429
 83 2.043214
 84 1.953214
 85 2.066786
 86 2.035714
 87 2.043214
 88 1.877143
 89 1.872857
 90 2.036786
 91 1.936071
 92 1.959643
 93 1.969286
 94 66.366429
 95 2.390357
 96 2.113929
 97 2.076429
 98 2.117143
 99 2.096786
100 2.095714
101 2.100000
102 1.957500
103 1.962857
104 1.996071
105 2.013214
106 2.036786
107 2.016429
108 1.950000
109 2.073214
110 1.950000
111 1.986429
112 1.970357
113 2.100000
114 2.003571
115 2.033571
116 2.049643
117 1.989643
118 2.020714
119 2.643214
120 2.199643
121 2.073214
122 2.019643
123 2.030357
124 2.065714
125 2.079643
126 65.149286
127 2.456786
128 2.090357
129 2.019643
130 2.040000
131 2.062500
132 2.000357
133 1.972500
134 1.993929
135 2.050714
136 1.953214
137 1.966071
138 1.970357
139 1.980000
140 2.043214
141 1.945714
142 1.937143
143 2.123571
144 2.032500
145 2.059286
146 46.327500
147 2.466429
148 2.066786
149 2.093571
150 2.120357
151 2.079643
152 1.940357
153 1.916786
154 1.936071
155 2.016429
156 1.907143
157 2.014286
158 62.412857
159 2.322857
160 2.033571
161 2.029286
162 1.993929
163 1.950000
164 1.989643
165 1.987500
166 1.970357
167 1.933929
168 1.953214
169 2.019643
170 1.960714
171 1.953214
172 1.996071
173 1.893214
174 1.976786
175 1.929643
176 1.989643
177 1.993929
178 1.912500
179 1.920000
180 1.886786
181 1.890000
182 1.940357
183 1.989643
184 1.980000
185 1.913571
186 1.980000
187 1.907143
188 1.936071
189 1.929643
190 200.263929
191 2.347500
192 2.095714
193 2.116071
194 2.853214
195 2.230714
196 2.056071
197 2.036786
198 2.093571
199 2.060357
200 2.076429
