  1 402.176786
  2 458.722500
  3 42.522857
  4 2.434286
  5 2.232857
  6 490.000714
  7 2.610000
  8 2.160000
  9 2.066786
 10 2.177143
 11 2.160000
 12 11.223214
 13 2.160000
 14 68.896071
 15 2.290714
 16 2.180357
 17 2.130000
 18 2.082857
 19 2.100000
 20 4.316786
 21 2.107500
 22 2.107500
 23 2.023929
 24 2.026071
 25 2.146071
 26 2.056071
 27 2.073214
 28 2.019643
 29 2.096786
 30 303.403929
 31 2.613214
 32 1.488214
 33 0.976071
 34 0.938571
 35 0.931071
 36 0.867857
 37 0.916071
 38 0.867857
 39 0.918214
 40 0.916071
 41 0.900000
 42 0.844286
 43 0.893571
 44 0.904286
 45 0.893571
 46 0.940714
 47 0.890357
 48 0.886071
 49 0.896786
 50 0.842143
 51 0.845357
 52 0.888214
 53 0.891429
 54 0.860357
 55 0.891429
 56 0.893571
 57 0.808929
 58 0.844286
 59 3.715714
 60 0.849643
 61 0.792857
 62 32.773929
 63 0.912857
 64 0.783214
 65 0.744643
 66 0.774643
 67 0.830357
 68 0.747857
 69 0.831429
 70 0.760714
 71 0.743571
 72 0.722143
 73 0.763929
 74 0.798214
 75 0.729643
 76 0.752143
 77 0.736071
 78 0.802500
 79 0.834643
 80 0.759643
 81 0.769286
 82 0.725357
 83 0.840000
 84 0.807857
 85 0.815357
 86 0.807857
 87 0.782143
 88 0.750000
 89 0.883929
 90 0.819643
 91 0.840000
 92 0.897857
 93 0.881786
 94 160.072500
 95 1.242857
 96 1.263214
 97 2.176071
 98 2.066786
 99 2.120357
100 2.100000
101 2.083929
102 2.100000
103 2.030357
104 2.027143
105 2.010000
106 2.140714
107 2.096786
108 2.073214
109 2.126786
110 2.079643
111 2.130000
112 2.126786
113 2.119286
114 1.999286
115 2.036786
116 2.079643
117 2.043214
118 2.066786
119 1.989643
120 2.063571
121 2.059286
122 2.070000
123 1.970357
124 2.050714
125 2.062500
126 75.016071
127 2.546786
128 2.100000
129 2.066786
130 2.119286
131 4.252500
132 2.147143
133 2.006786
134 2.063571
135 1.950000
136 2.119286
137 1.986429
138 2.059286
139 2.104286
140 1.986429
141 1.950000
142 2.086071
143 2.080714
144 2.070000
145 2.090357
146 2.006786
147 2.022857
148 2.079643
149 2.049643
150 2.136429
151 3.240000
152 2.160000
153 2.122500
154 2.117143
155 2.120357
156 2.163214
157 2.133214
158 63.052500
159 2.186786
160 2.090357
161 2.169643
162 2.179286
163 2.110714
164 2.096786
165 2.040000
166 1.996071
167 2.082857
168 2.010000
169 2.106429
170 2.040000
171 2.086071
172 2.113929
173 2.142857
174 2.082857
175 2.093571
176 2.126786
177 2.060357
178 2.057143
179 2.005714
180 2.104286
181 2.086071
182 2.096786
183 2.103214
184 2.000357
185 2.060357
186 2.139643
187 2.166429
188 32.616429
189 2.486786
190 65.932500
191 2.232857
192 2.213571
193 2.210357
194 2.130000
195 2.092500
196 2.193214
197 2.209286
198 2.043214
199 2.023929
200 2.066786
