  1 283.196786
  2 379.708929
  3 42.339643
  4 2.330357
  5 2.193214
  6 394.962857
  7 2.676429
  8 2.089286
  9 2.006786
 10 2.106429
 11 2.123571
 12 1.959643
 13 2.066786
 14 78.310714
 15 2.480357
 16 2.086071
 17 2.109643
 18 2.100000
 19 2.096786
 20 2.166429
 21 2.027143
 22 2.139643
 23 2.083929
 24 2.063571
 25 2.082857
 26 2.063571
 27 1.970357
 28 2.000357
 29 2.057143
 30 380.336786
 31 2.717143
 32 2.117143
 33 2.104286
 34 2.036786
 35 2.046429
 36 2.133214
 37 2.240357
 38 2.083929
 39 2.036786
 40 1.960714
 41 2.032500
 42 2.010000
 43 2.063571
 44 2.060357
 45 2.033571
 46 2.073214
 47 1.954286
 48 2.093571
 49 2.056071
 50 1.946786
 51 2.063571
 52 1.973571
 53 2.046429
 54 2.077500
 55 2.062500
 56 2.056071
 57 1.987500
 58 2.040000
 59 2.049643
 60 2.049643
 61 2.044286
 62 78.497143
 63 2.626071
 64 2.147143
 65 2.142857
 66 2.126786
 67 2.096786
 68 2.119286
 69 2.066786
 70 2.100000
 71 2.130000
 72 2.156786
 73 2.160000
 74 2.090357
 75 2.106429
 76 1.996071
 77 2.106429
 78 1.973571
 79 2.120357
 80 2.120357
 81 2.207143
 82 2.580000
 83 2.139643
 84 2.052857
 85 2.139643
 86 2.172857
 87 2.122500
 88 2.089286
 89 2.057143
 90 2.086071
 91 2.066786
 92 1.973571
 93 2.083929
 94 68.036786
 95 2.426786
 96 2.227500
 97 2.017500
 98 2.006786
 99 2.120357
100 2.116071
101 2.065714
102 2.040000
103 2.030357
104 1.976786
105 2.006786
106 1.997143
107 2.080714
108 2.053929
109 2.070000
110 2.063571
111 1.962857
112 2.030357
113 2.082857
114 2.010000
115 2.036786
116 1.962857
117 1.959643
118 2.696786
119 2.052857
120 2.053929
121 2.086071
122 2.167500
123 2.093571
124 2.112857
125 2.087143
126 67.607143
127 2.370000
128 4.390714
129 2.123571
130 2.013214
131 2.026071
132 1.993929
133 2.046429
134 2.063571
135 1.992857
136 2.066786
137 2.083929
138 1.992857
139 2.006786
140 2.003571
141 2.030357
142 2.109643
143 1.986429
144 1.969286
145 2.046429
146 2.019643
147 3.013929
148 2.019643
149 2.093571
150 2.082857
151 2.049643
152 2.156786
153 2.089286
154 2.066786
155 2.056071
156 2.059286
157 2.093571
158 63.287143
159 2.383929
160 2.096786
161 2.122500
162 2.013214
163 2.014286
164 1.980000
165 1.950000
166 2.063571
167 1.983214
168 1.950000
169 1.976786
170 2.087143
171 2.090357
172 1.980000
173 2.003571
174 2.070000
175 1.983214
176 1.980000
177 1.983214
178 2.040000
179 2.010000
180 1.980000
181 1.996071
182 1.920000
183 1.989643
184 1.986429
185 1.983214
186 2.086071
187 2.076429
188 2.130000
189 2.082857
190 180.270000
191 2.370000
192 2.136429
193 2.125714
194 2.780357
195 2.156786
196 2.043214
197 1.984286
198 2.033571
199 2.046429
200 2.119286
