  1 262.495714
  2 339.331071
  3 39.196071
  4 2.262857
  5 2.019643
  6 277.512857
  7 2.316429
  8 2.093571
  9 2.100000
 10 2.150357
 11 2.149286
 12 2.026071
 13 1.980000
 14 62.996786
 15 2.387143
 16 2.082857
 17 2.090357
 18 2.073214
 19 2.112857
 20 2.090357
 21 2.006786
 22 2.079643
 23 2.089286
 24 2.063571
 25 1.986429
 26 1.993929
 27 1.956429
 28 1.973571
 29 2.046429
 30 336.499286
 31 2.283214
 32 2.063571
 33 2.063571
 34 1.993929
 35 2.013214
 36 2.057143
 37 2.057143
 38 1.987500
 39 1.976786
 40 2.010000
 41 1.939286
 42 1.953214
 43 2.010000
 44 1.950000
 45 1.993929
 46 1.880357
 47 1.963929
 48 2.000357
 49 1.997143
 50 1.980000
 51 1.983214
 52 2.017500
 53 1.970357
 54 1.930714
 55 1.923214
 56 1.924286
 57 1.986429
 58 1.863214
 59 2.006786
 60 1.993929
 61 1.929643
 62 73.713214
 63 2.469643
 64 2.147143
 65 2.112857
 66 2.066786
 67 2.016429
 68 2.049643
 69 1.983214
 70 1.997143
 71 2.044286
 72 2.014286
 73 2.035714
 74 2.017500
 75 2.059286
 76 2.070000
 77 1.960714
 78 1.986429
 79 2.123571
 80 2.083929
 81 2.040000
 82 2.057143
 83 1.950000
 84 2.050714
 85 2.000357
 86 3.162857
 87 2.117143
 88 2.006786
 89 2.066786
 90 2.063571
 91 1.967143
 92 1.967143
 93 2.123571
 94 67.480714
 95 2.376429
 96 2.130000
 97 2.093571
 98 2.043214
 99 2.013214
100 2.096786
101 2.096786
102 2.077500
103 2.083929
104 2.066786
105 1.943571
106 1.992857
107 2.050714
108 2.016429
109 2.016429
110 2.049643
111 1.940357
112 2.110714
113 1.953214
114 2.022857
115 1.987500
116 2.106429
117 2.052857
118 2.053929
119 2.657143
120 2.086071
121 2.063571
122 2.096786
123 2.093571
124 2.076429
125 1.996071
126 65.443929
127 2.406429
128 2.116071
129 2.100000
130 2.103214
131 2.050714
132 2.013214
133 2.020714
134 2.056071
135 2.006786
136 1.989643
137 1.997143
138 2.043214
139 1.973571
140 1.950000
141 1.937143
142 2.000357
143 1.969286
144 1.973571
145 1.997143
146 2.073214
147 2.100000
148 2.056071
149 2.010000
150 2.993571
151 2.059286
152 2.060357
153 2.213571
154 2.006786
155 2.013214
156 1.937143
157 1.976786
158 63.053571
159 2.266071
160 2.096786
161 2.027143
162 2.030357
163 2.087143
164 2.070000
165 2.040000
166 1.973571
167 1.980000
168 1.990714
169 1.950000
170 2.000357
171 2.019643
172 2.036786
173 1.980000
174 1.967143
175 2.056071
176 1.899643
177 1.997143
178 2.006786
179 2.030357
180 1.993929
181 1.946786
182 1.969286
183 1.933929
184 1.893214
185 2.020714
186 1.993929
187 2.070000
188 1.937143
189 2.000357
190 82.630714
191 2.393571
192 1.992857
193 2.089286
194 2.023929
195 2.030357
196 2.023929
197 2.070000
198 1.983214
199 2.000357
200 2.036786
