  1 335.739643
  2 430.607143
  3 42.893571
  4 2.327143
  5 2.093571
  6 290.982857
  7 2.516786
  8 2.120357
  9 2.079643
 10 2.133214
 11 2.125714
 12 2.082857
 13 2.083929
 14 67.736786
 15 2.352857
 16 2.056071
 17 2.113929
 18 2.030357
 19 2.023929
 20 2.092500
 21 2.113929
 22 2.079643
 23 2.062500
 24 2.026071
 25 2.036786
 26 1.940357
 27 2.160000
 28 2.060357
 29 2.060357
 30 326.406429
 31 2.433214
 32 2.160000
 33 2.096786
 34 2.019643
 35 2.046429
 36 2.056071
 37 2.030357
 38 1.987500
 39 1.973571
 40 2.000357
 41 1.993929
 42 2.040000
 43 1.956429
 44 2.003571
 45 2.060357
 46 2.046429
 47 2.056071
 48 1.986429
 49 2.040000
 50 1.950000
 51 2.120357
 52 2.032500
 53 2.026071
 54 1.983214
 55 1.932857
 56 2.043214
 57 2.060357
 58 2.050714
 59 1.989643
 60 1.970357
 61 2.019643
 62 75.216429
 63 2.322857
 64 2.040000
 65 2.093571
 66 2.150357
 67 2.070000
 68 2.065714
 69 2.110714
 70 2.103214
 71 2.019643
 72 1.962857
 73 2.030357
 74 2.049643
 75 2.117143
 76 2.036786
 77 2.030357
 78 2.029286
 79 1.945714
 80 2.030357
 81 2.050714
 82 2.136429
 83 2.120357
 84 2.040000
 85 2.053929
 86 2.000357
 87 3.813214
 88 2.117143
 89 2.153571
 90 2.103214
 91 2.133214
 92 2.116071
 93 2.133214
 94 67.903929
 95 2.297143
 96 2.172857
 97 2.057143
 98 2.079643
 99 2.142857
100 2.043214
101 2.193214
102 2.070000
103 2.146071
104 2.120357
105 2.153571
106 2.190000
107 1.980000
108 2.040000
109 2.093571
110 2.136429
111 2.073214
112 2.107500
113 2.119286
114 2.006786
115 2.106429
116 2.133214
117 2.036786
118 2.110714
119 35.903571
120 2.403214
121 2.120357
122 2.066786
123 2.066786
124 2.136429
125 2.169643
126 66.876429
127 4.530000
128 2.169643
129 2.137500
130 2.043214
131 2.136429
132 2.086071
133 1.983214
134 2.010000
135 2.022857
136 2.073214
137 2.103214
138 2.017500
139 2.109643
140 2.109643
141 2.027143
142 2.026071
143 2.126786
144 2.010000
145 2.133214
146 2.043214
147 2.030357
148 2.087143
149 2.036786
150 2.059286
151 2.873571
152 2.186786
153 2.013214
154 1.999286
155 2.156786
156 2.183571
157 2.125714
158 63.070714
159 2.360357
160 2.197500
161 2.073214
162 2.136429
163 2.046429
164 2.149286
165 2.063571
166 2.066786
167 2.093571
168 2.089286
169 2.143929
170 2.109643
171 2.160000
172 2.033571
173 2.139643
174 2.180357
175 2.040000
176 2.070000
177 2.112857
178 2.046429
179 2.046429
180 2.060357
181 2.066786
182 2.036786
183 2.107500
184 2.070000
185 2.092500
186 2.022857
187 2.096786
188 2.130000
189 2.130000
190 95.796429
191 2.389286
192 2.066786
193 2.046429
194 2.093571
195 2.100000
196 2.090357
197 2.063571
198 2.136429
199 2.062500
200 2.100000
