  1 373.329643
  2 426.393214
  3 38.893929
  4 2.293929
  5 1.976786
  6 269.843571
  7 2.573571
  8 2.173929
  9 2.002500
 10 2.233929
 11 2.086071
 12 2.077500
 13 2.133214
 14 68.820000
 15 2.153571
 16 2.027143
 17 2.113929
 18 2.050714
 19 2.043214
 20 1.987500
 21 1.989643
 22 2.079643
 23 2.052857
 24 2.027143
 25 1.983214
 26 2.076429
 27 2.029286
 28 2.030357
 29 1.909286
 30 276.714643
 31 2.726786
 32 2.166429
 33 2.096786
 34 2.133214
 35 2.040000
 36 2.120357
 37 2.020714
 38 2.083929
 39 2.106429
 40 2.112857
 41 1.976786
 42 1.992857
 43 1.999286
 44 1.890000
 45 1.970357
 46 2.040000
 47 1.880357
 48 1.946786
 49 2.010000
 50 2.006786
 51 2.019643
 52 1.943571
 53 2.030357
 54 1.890000
 55 1.903929
 56 1.939286
 57 1.899643
 58 1.896429
 59 1.996071
 60 1.920000
 61 1.937143
 62 79.582500
 63 2.335714
 64 2.063571
 65 1.943571
 66 2.013214
 67 1.980000
 68 1.960714
 69 1.983214
 70 1.940357
 71 1.893214
 72 1.873929
 73 2.089286
 74 1.992857
 75 1.980000
 76 1.923214
 77 1.976786
 78 1.902857
 79 4.247143
 80 1.945714
 81 2.027143
 82 49.350000
 83 2.362500
 84 2.079643
 85 2.116071
 86 2.087143
 87 2.019643
 88 1.989643
 89 2.046429
 90 1.989643
 91 1.943571
 92 1.983214
 93 1.950000
 94 70.053214
 95 2.310000
 96 1.970357
 97 2.090357
 98 2.070000
 99 2.146071
100 2.023929
101 2.089286
102 2.079643
103 2.006786
104 2.056071
105 1.970357
106 2.033571
107 1.946786
108 2.000357
109 2.049643
110 2.106429
111 2.036786
112 2.057143
113 1.966071
114 2.016429
115 2.052857
116 1.946786
117 2.066786
118 38.906786
119 2.210357
120 2.117143
121 1.960714
122 1.923214
123 2.040000
124 1.923214
125 2.006786
126 68.047500
127 2.220000
128 2.130000
129 2.087143
130 1.976786
131 1.956429
132 2.073214
133 2.003571
134 2.052857
135 2.076429
136 2.006786
137 2.040000
138 1.960714
139 2.083929
140 2.103214
141 2.036786
142 2.092500
143 2.049643
144 1.986429
145 2.035714
146 2.029286
147 2.066786
148 3.227143
149 2.139643
150 2.070000
151 2.062500
152 2.079643
153 2.013214
154 2.100000
155 2.013214
156 2.082857
157 2.087143
158 64.640357
159 2.276786
160 2.149286
161 2.126786
162 2.106429
163 2.063571
164 2.022857
165 2.093571
166 2.089286
167 2.096786
168 2.040000
169 1.959643
170 2.070000
171 2.070000
172 2.062500
173 2.149286
174 1.997143
175 2.043214
176 2.036786
177 2.023929
178 2.033571
179 2.019643
180 2.070000
181 2.000357
182 2.049643
183 2.117143
184 2.123571
185 2.043214
186 2.137500
187 2.100000
188 2.016429
189 2.743929
190 67.786071
191 2.289643
192 2.063571
193 2.090357
194 2.123571
195 2.079643
196 2.066786
197 2.136429
198 2.172857
199 2.090357
200 2.142857
