  1 308.390357
  2 227.483571
  3 38.810357
  4 2.396786
  5 2.146071
  6 228.287143
  7 2.423571
  8 2.212500
  9 2.116071
 10 2.237143
 11 2.146071
 12 2.140714
 13 2.813571
 14 66.227143
 15 2.477143
 16 2.130000
 17 2.000357
 18 2.047500
 19 2.010000
 20 2.053929
 21 2.040000
 22 2.013214
 23 1.966071
 24 2.033571
 25 1.953214
 26 2.036786
 27 1.983214
 28 1.970357
 29 1.957500
 30 206.833929
 31 2.469643
 32 2.272500
 33 2.033571
 34 2.163214
 35 2.103214
 36 2.080714
 37 2.006786
 38 2.136429
 39 2.109643
 40 2.223214
 41 2.119286
 42 2.227500
 43 2.183571
 44 3.066429
 45 2.170714
 46 2.123571
 47 2.046429
 48 1.996071
 49 1.970357
 50 1.993929
 51 1.873929
 52 1.976786
 53 1.956429
 54 2.020714
 55 2.026071
 56 1.920000
 57 1.986429
 58 2.003571
 59 1.896429
 60 1.946786
 61 1.946786
 62 74.076429
 63 2.473929
 64 2.060357
 65 2.056071
 66 1.983214
 67 2.103214
 68 2.010000
 69 1.966071
 70 1.990714
 71 2.000357
 72 2.017500
 73 2.027143
 74 1.976786
 75 1.963929
 76 1.940357
 77 2.033571
 78 2.017500
 79 4.193571
 80 1.997143
 81 2.076429
 82 1.969286
 83 1.997143
 84 2.020714
 85 2.079643
 86 2.104286
 87 2.060357
 88 2.836071
 89 2.152500
 90 2.125714
 91 1.996071
 92 2.077500
 93 2.090357
 94 67.880357
 95 2.333571
 96 2.100000
 97 2.010000
 98 2.049643
 99 1.959643
100 2.010000
101 1.950000
102 1.962857
103 2.053929
104 2.030357
105 2.030357
106 2.010000
107 2.033571
108 1.996071
109 1.927500
110 1.980000
111 1.946786
112 1.939286
113 2.013214
114 2.016429
115 2.030357
116 2.019643
117 1.940357
118 1.960714
119 2.540357
120 1.996071
121 2.046429
122 2.033571
123 2.033571
124 2.046429
125 1.937143
126 67.056429
127 2.393571
128 2.043214
129 1.906071
130 2.006786
131 1.937143
132 2.040000
133 1.950000
134 1.839643
135 1.842857
136 1.950000
137 1.886786
138 1.953214
139 1.956429
140 1.903929
141 1.896429
142 1.959643
143 1.950000
144 1.970357
145 1.976786
146 1.969286
147 2.006786
148 1.886786
149 2.633571
150 1.993929
151 2.036786
152 1.997143
153 2.026071
154 1.957500
155 1.943571
156 1.910357
157 1.890000
158 64.526786
159 2.447143
160 2.026071
161 2.053929
162 1.929643
163 1.953214
164 1.992857
165 1.970357
166 1.924286
167 1.997143
168 1.976786
169 2.046429
170 1.996071
171 1.930714
172 1.940357
173 1.872857
174 2.036786
175 1.970357
176 2.016429
177 1.924286
178 1.893214
179 2.033571
180 1.926429
181 1.970357
182 1.909286
183 1.896429
184 2.026071
185 2.032500
186 1.903929
187 1.986429
188 1.966071
189 2.507143
190 65.703214
191 2.330357
192 2.013214
193 1.970357
194 1.976786
195 2.000357
196 1.937143
197 2.026071
198 1.933929
199 2.000357
200 1.942500
