  1 332.123571
  2 388.027500
  3 38.416071
  4 2.199643
  5 1.956429
  6 343.320000
  7 2.453571
  8 1.997143
  9 2.043214
 10 2.166429
 11 2.010000
 12 2.066786
 13 1.999286
 14 67.043571
 15 2.306786
 16 2.016429
 17 1.902857
 18 1.946786
 19 1.997143
 20 1.986429
 21 1.890000
 22 1.993929
 23 1.956429
 24 1.983214
 25 1.946786
 26 1.969286
 27 1.997143
 28 1.913571
 29 1.913571
 30 332.318571
 31 2.426786
 32 2.103214
 33 2.133214
 34 2.020714
 35 2.059286
 36 2.022857
 37 2.000357
 38 1.992857
 39 2.022857
 40 1.989643
 41 2.030357
 42 2.027143
 43 2.022857
 44 2.006786
 45 2.086071
 46 2.093571
 47 1.993929
 48 2.033571
 49 1.926429
 50 2.053929
 51 2.052857
 52 2.046429
 53 1.940357
 54 2.026071
 55 2.003571
 56 2.060357
 57 2.046429
 58 1.962857
 59 2.060357
 60 2.070000
 61 2.029286
 62 77.350714
 63 2.533929
 64 2.027143
 65 2.043214
 66 1.946786
 67 1.980000
 68 2.046429
 69 2.023929
 70 1.983214
 71 1.990714
 72 1.962857
 73 1.866429
 74 1.980000
 75 1.980000
 76 2.060357
 77 2.013214
 78 2.030357
 79 2.049643
 80 1.943571
 81 1.916786
 82 1.996071
 83 1.953214
 84 2.010000
 85 3.132857
 86 2.139643
 87 2.056071
 88 2.047500
 89 1.920000
 90 2.010000
 91 1.913571
 92 1.990714
 93 2.040000
 94 66.912857
 95 2.336786
 96 2.049643
 97 2.002500
 98 1.970357
 99 2.035714
100 1.960714
101 1.877143
102 1.933929
103 1.967143
104 1.980000
105 1.940357
106 2.019643
107 2.040000
108 1.943571
109 1.967143
110 2.056071
111 1.963929
112 2.019643
113 2.023929
114 1.906071
115 1.913571
116 1.926429
117 1.909286
118 1.893214
119 2.943214
120 2.096786
121 2.026071
122 2.073214
123 2.046429
124 2.066786
125 2.100000
126 66.759643
127 2.440714
128 2.022857
129 2.043214
130 2.100000
131 2.109643
132 2.107500
133 2.110714
134 2.126786
135 2.022857
136 2.049643
137 2.087143
138 2.106429
139 2.100000
140 2.043214
141 2.100000
142 2.013214
143 2.013214
144 2.010000
145 2.076429
146 2.043214
147 46.976786
148 2.160000
149 2.103214
150 1.986429
151 1.992857
152 1.956429
153 1.946786
154 1.940357
155 1.910357
156 1.950000
157 1.866429
158 62.673214
159 2.302500
160 1.999286
161 2.027143
162 1.963929
163 2.046429
164 1.989643
165 1.993929
166 2.046429
167 2.006786
168 2.057143
169 1.872857
170 1.987500
171 2.006786
172 1.946786
173 1.970357
174 2.076429
175 2.060357
176 2.019643
177 1.943571
178 2.137500
179 1.867500
180 2.033571
181 1.937143
182 2.019643
183 2.005714
184 1.910357
185 1.959643
186 1.933929
187 1.959643
188 33.953571
189 2.213571
190 64.790357
191 2.300357
192 2.112857
193 2.019643
194 2.104286
195 2.003571
196 2.096786
197 2.010000
198 2.059286
199 2.006786
200 2.019643
