  1 345.939643
  2 281.943214
  3 43.683214
  4 7.590000
  5 7.486071
  6 259.614643
  7 2.262857
  8 2.016429
  9 2.103214
 10 9.715714
 11 2.149286
 12 4.615714
 13 0.777857
 14 26.299286
 15 0.896786
 16 0.781071
 17 0.746786
 18 0.772500
 19 0.726429
 20 0.784286
 21 0.728571
 22 1.345714
 23 0.777857
 24 0.774643
 25 0.735000
 26 0.739286
 27 3.893571
 28 0.875357
 29 0.858214
 30 264.206786
 31 2.566071
 32 2.049643
 33 2.036786
 34 2.063571
 35 2.087143
 36 2.010000
 37 1.883571
 38 1.997143
 39 4.558929
 40 0.790714
 41 0.760714
 42 0.781071
 43 0.687857
 44 0.752143
 45 0.693214
 46 0.768214
 47 0.754286
 48 0.751071
 49 0.678214
 50 0.679286
 51 0.708214
 52 0.754286
 53 0.742500
 54 0.688929
 55 0.699643
 56 0.686786
 57 0.760714
 58 0.748929
 59 0.736071
 60 0.755357
 61 0.679286
 62 28.066071
 63 0.915000
 64 0.793929
 65 0.780000
 66 0.725357
 67 0.697500
 68 0.777857
 69 0.772500
 70 0.713571
 71 0.768214
 72 0.765000
 73 0.666429
 74 0.741429
 75 0.676071
 76 0.676071
 77 0.763929
 78 0.677143
 79 0.665357
 80 0.768214
 81 0.742500
 82 0.738214
 83 0.750000
 84 0.757500
 85 0.669643
 86 0.931071
 87 0.845357
 88 0.835714
 89 0.874286
 90 0.916071
 91 0.901071
 92 0.828214
 93 0.918214
 94 216.535714
 95 2.550000
 96 1.993929
 97 2.057143
 98 2.019643
 99 2.043214
100 1.976786
101 1.966071
102 2.033571
103 1.893214
104 1.997143
105 2.040000
106 1.967143
107 2.080714
108 1.860000
109 1.940357
110 1.986429
111 1.990714
112 2.023929
113 1.920000
114 1.989643
115 1.953214
116 1.973571
117 1.903929
118 2.017500
119 1.863214
120 1.882500
121 1.972500
122 2.016429
123 1.962857
124 1.883571
125 1.849286
126 75.017143
127 2.420357
128 1.912500
129 1.983214
130 1.993929
131 2.093571
132 2.003571
133 1.996071
134 1.983214
135 2.006786
136 1.940357
137 1.963929
138 1.929643
139 1.883571
140 1.846071
141 1.902857
142 1.969286
143 1.846071
144 1.963929
145 1.973571
146 1.967143
147 1.969286
148 3.012857
149 2.176071
150 2.010000
151 1.942500
152 2.022857
153 1.893214
154 1.920000
155 1.899643
156 1.890000
157 1.927500
158 61.706786
159 2.313214
160 2.033571
161 2.000357
162 2.033571
163 1.959643
164 2.052857
165 1.883571
166 1.966071
167 1.932857
168 1.959643
169 1.840714
170 1.866429
171 1.877143
172 1.920000
173 1.873929
174 1.902857
175 1.869643
176 1.973571
177 1.853571
178 1.852500
179 1.963929
180 1.913571
181 1.863214
182 1.836429
183 1.876071
184 2.352857
185 2.027143
186 2.142857
187 1.967143
188 1.926429
189 1.960714
190 63.853929
191 2.193214
192 2.020714
193 2.003571
194 1.986429
195 1.962857
196 1.903929
197 1.937143
198 1.913571
199 1.896429
200 1.950000
