  1 407.477143
  2 424.585714
  3 38.903571
  4 2.100000
  5 1.763571
  6 430.464643
  7 2.466429
  8 1.980000
  9 1.923214
 10 1.830000
 11 1.800000
 12 1.873929
 13 1.787143
 14 67.643571
 15 2.186786
 16 1.830000
 17 1.697143
 18 1.733571
 19 1.673571
 20 1.710000
 21 1.642500
 22 1.946786
 23 1.676786
 24 1.812857
 25 1.696071
 26 1.713214
 27 1.864286
 28 1.793571
 29 1.703571
 30 403.895357
 31 2.423571
 32 1.873929
 33 1.830000
 34 1.850357
 35 1.796786
 36 1.736786
 37 1.782857
 38 1.820357
 39 1.743214
 40 3.964286
 41 1.773214
 42 1.714286
 43 1.713214
 44 1.689643
 45 1.736786
 46 1.713214
 47 1.743214
 48 1.749643
 49 1.659643
 50 1.656429
 51 1.836429
 52 1.716429
 53 1.763571
 54 1.747500
 55 1.766786
 56 1.689643
 57 1.662857
 58 1.850357
 59 1.837500
 60 1.680000
 61 1.773214
 62 73.660714
 63 2.223214
 64 1.706786
 65 1.757143
 66 1.733571
 67 1.783929
 68 1.686429
 69 1.749643
 70 1.760357
 71 1.713214
 72 1.726071
 73 1.860000
 74 1.746429
 75 1.616786
 76 1.806429
 77 1.783929
 78 1.699286
 79 1.863214
 80 1.653214
 81 1.883571
 82 1.626429
 83 1.670357
 84 1.663929
 85 1.700357
 86 1.670357
 87 1.940357
 88 1.643571
 89 1.869643
 90 1.842857
 91 1.689643
 92 1.616786
 93 1.713214
 94 419.719286
 95 2.472857
 96 1.890000
 97 1.789286
 98 1.790357
 99 1.736786
100 1.740000
101 1.830000
102 1.803214
103 1.780714
104 1.793571
105 1.762500
106 1.792500
107 1.736786
108 1.942500
109 1.654286
110 1.823571
111 1.697143
112 1.670357
113 1.846071
114 1.670357
115 1.830000
116 1.806429
117 1.659643
118 1.770000
119 1.780714
120 1.656429
121 1.680000
122 1.740000
123 1.727143
124 1.666071
125 1.714286
126 68.963571
127 2.292857
128 1.803214
129 1.803214
130 1.696071
131 1.673571
132 1.760357
133 1.763571
134 1.760357
135 1.760357
136 1.726071
137 1.676786
138 1.890000
139 1.872857
140 1.803214
141 1.722857
142 1.727143
143 1.779643
144 1.650000
145 1.643571
146 1.760357
147 1.787143
148 1.669286
149 1.662857
150 1.656429
151 1.757143
152 4.016786
153 1.793571
154 1.770000
155 1.740000
156 1.740000
157 1.735714
158 282.302143
159 2.346429
160 1.796786
161 1.676786
162 1.719643
163 1.779643
164 1.770000
165 1.733571
166 1.680000
167 1.766786
168 1.766786
169 1.680000
170 1.706786
171 1.807500
172 1.663929
173 1.633929
174 1.762500
175 1.743214
176 1.736786
177 1.650000
178 1.692857
179 1.749643
180 1.645714
181 1.666071
182 1.680000
183 1.639286
184 1.660714
185 1.686429
186 1.746429
187 1.676786
188 1.800000
189 1.713214
190 71.649643
191 2.087143
192 1.716429
193 1.773214
194 1.700357
195 1.650000
196 1.650000
197 1.697143
198 1.689643
199 34.370357
200 2.496429
  1 58.249286
  2 59.936786
  3 17.652857
  4 0.907500
  5 0.813214
  6 43.088571
  7 1.076786
  8 1.183929
  9 0.887143
 10 0.911786
 11 0.955714
 12 0.878571
 13 0.845357
 14 29.988214
 15 0.927857
 16 0.901071
 17 0.855000
 18 0.873214
 19 0.905357
 20 0.826071
 21 0.879643
 22 0.879643
 23 0.835714
 24 0.893571
 25 0.923571
 26 0.802500
 27 0.797143
 28 0.896786
 29 0.822857
 30 45.392143
 31 1.187143
 32 0.970714
 33 0.990000
 34 0.953571
 35 0.855000
 36 0.917143
 37 0.938571
 38 0.911786
 39 0.802500
 40 0.885000
 41 0.807857
 42 1.843929
 43 0.875357
 44 0.979286
 45 0.882857
 46 0.903214
 47 0.895714
 48 0.852857
 49 0.898929
 50 0.860357
 51 1.783929
 52 0.789643
 53 1.474286
 54 1.005000
 55 0.906429
 56 0.927857
 57 0.919286
 58 0.950357
 59 0.907500
 60 0.998571
 61 0.881786
 62 30.999643
 63 1.071429
 64 0.889286
 65 0.894643
 66 0.868929
 67 0.893571
 68 0.931071
 69 0.877500
 70 0.960000
 71 0.891429
 72 0.908571
 73 1.018929
 74 0.978214
 75 0.902143
 76 0.913929
 77 0.871071
 78 0.818571
 79 0.862500
 80 0.892500
 81 0.923571
 82 0.865714
 83 0.846429
 84 0.875357
 85 0.891429
 86 0.769286
 87 0.870000
 88 0.860357
 89 0.849643
 90 0.833571
 91 0.848571
 92 1.119643
 93 0.933214
 94 29.280000
 95 0.962143
 96 0.885000
 97 0.859286
 98 0.829286
 99 0.882857
100 0.954643
101 0.889286
102 0.911786
103 0.778929
104 0.934286
105 0.927857
106 0.973929
107 0.851786
108 0.791786
109 0.788571
110 0.851786
111 0.893571
112 0.797143
113 0.852857
114 0.789643
115 16.060714
116 0.997500
117 0.901071
118 0.900000
119 0.951429
120 0.865714
121 0.867857
122 0.834643
123 0.900000
124 0.887143
125 0.838929
126 30.705000
127 0.907500
128 0.890357
129 0.941786
130 0.909643
131 0.923571
132 0.987857
133 1.029643
134 0.858214
135 0.856071
136 0.906429
137 0.826071
138 0.986786
139 0.945000
140 0.923571
141 0.889286
142 0.887143
143 0.808929
144 0.871071
145 0.870000
146 0.885000
147 0.927857
148 0.812143
149 0.784286
150 0.863571
151 0.845357
152 0.853929
153 1.470000
154 0.903214
155 0.828214
156 0.906429
157 0.880714
158 31.141071
159 1.018929
160 0.916071
161 0.917143
162 0.893571
163 0.894643
164 0.915000
165 0.939643
166 0.954643
167 0.935357
168 0.909643
169 0.868929
170 0.885000
171 0.902143
172 0.889286
173 1.011429
174 0.888214
175 1.025357
176 0.882857
177 0.893571
178 0.898929
179 0.948214
180 0.828214
181 0.859286
182 0.866786
183 0.856071
184 0.850714
185 15.416786
186 0.976071
187 0.913929
188 0.882857
189 0.934286
190 34.138929
191 0.966429
192 0.882857
193 0.938571
194 0.896786
195 0.924643
196 0.947143
197 0.870000
198 1.041429
199 0.936429
200 0.908571
