  1 301.149643
  2 330.926786
  3 38.473929
  4 2.182500
  5 2.177143
  6 318.003214
  7 2.486786
  8 4.263214
  9 1.986429
 10 1.997143
 11 1.960714
 12 2.006786
 13 1.910357
 14 66.423214
 15 2.224286
 16 2.063571
 17 2.077500
 18 2.126786
 19 2.063571
 20 1.940357
 21 2.010000
 22 2.057143
 23 2.142857
 24 2.230714
 25 2.106429
 26 2.120357
 27 2.106429
 28 1.992857
 29 2.126786
 30 254.169643
 31 2.576786
 32 2.142857
 33 2.223214
 34 2.112857
 35 2.046429
 36 4.247143
 37 2.126786
 38 2.117143
 39 2.190000
 40 2.026071
 41 2.079643
 42 2.076429
 43 2.112857
 44 1.983214
 45 2.032500
 46 2.117143
 47 2.022857
 48 2.006786
 49 1.980000
 50 2.096786
 51 2.026071
 52 2.076429
 53 1.967143
 54 2.016429
 55 2.023929
 56 2.123571
 57 1.997143
 58 2.036786
 59 1.976786
 60 2.049643
 61 1.976786
 62 69.520714
 63 2.100000
 64 2.120357
 65 2.166429
 66 2.153571
 67 2.057143
 68 2.077500
 69 2.032500
 70 2.063571
 71 2.119286
 72 2.056071
 73 2.096786
 74 2.093571
 75 1.989643
 76 2.095714
 77 1.950000
 78 2.066786
 79 2.003571
 80 2.036786
 81 2.676429
 82 2.180357
 83 2.120357
 84 2.083929
 85 2.156786
 86 1.976786
 87 2.006786
 88 2.023929
 89 2.016429
 90 2.036786
 91 2.040000
 92 2.160000
 93 2.026071
 94 97.157143
 95 2.283214
 96 2.113929
 97 1.996071
 98 2.076429
 99 2.107500
100 1.973571
101 2.087143
102 2.016429
103 1.932857
104 1.980000
105 1.980000
106 2.003571
107 1.906071
108 1.873929
109 1.967143
110 2.052857
111 1.989643
112 1.937143
113 1.946786
114 2.002500
115 2.073214
116 2.073214
117 2.044286
118 2.060357
119 2.013214
120 1.950000
121 1.936071
122 1.890000
123 1.943571
124 2.153571
125 1.953214
126 241.583571
127 2.406429
128 2.229643
129 2.126786
130 3.160714
131 2.136429
132 2.049643
133 2.112857
134 2.056071
135 2.013214
136 2.013214
137 2.006786
138 2.013214
139 1.976786
140 2.100000
141 2.087143
142 2.060357
143 2.057143
144 2.026071
145 2.013214
146 1.953214
147 1.943571
148 1.973571
149 1.920000
150 2.033571
151 1.983214
152 1.956429
153 1.936071
154 2.057143
155 2.030357
156 2.017500
157 1.996071
158 67.680000
159 2.167500
160 2.152500
161 2.126786
162 2.143929
163 2.079643
164 2.032500
165 2.029286
166 1.980000
167 2.003571
168 2.016429
169 2.003571
170 2.030357
171 2.052857
172 1.913571
173 2.014286
174 1.997143
175 2.109643
176 2.030357
177 1.989643
178 1.996071
179 2.083929
180 2.030357
181 2.076429
182 2.043214
183 1.929643
184 1.893214
185 2.056071
186 1.983214
187 2.013214
188 2.033571
189 2.049643
190 124.596429
191 2.436429
192 2.160000
193 2.126786
194 2.070000
195 2.093571
196 2.019643
197 2.040000
198 2.043214
199 2.027143
200 1.983214
