  1 233.685000
  2 243.324643
  3 38.913214
  4 2.050714
  5 1.896429
  6 124.235357
  7 1.087500
  8 0.953571
  9 0.859286
 10 0.812143
 11 0.805714
 12 0.771429
 13 0.807857
 14 31.089643
 15 0.992143
 16 0.810000
 17 0.834643
 18 0.808929
 19 0.788571
 20 0.786429
 21 0.797143
 22 0.800357
 23 0.766071
 24 0.992143
 25 0.733929
 26 0.836786
 27 0.820714
 28 0.773571
 29 0.808929
 30 133.950000
 31 1.263214
 32 0.924643
 33 1.058571
 34 0.835714
 35 0.799286
 36 0.821786
 37 0.778929
 38 0.789643
 39 0.763929
 40 0.771429
 41 0.804643
 42 0.795000
 43 0.766071
 44 0.748929
 45 0.823929
 46 1.097143
 47 0.742500
 48 0.773571
 49 0.806786
 50 0.858214
 51 0.703929
 52 0.755357
 53 0.790714
 54 0.904286
 55 0.789643
 56 0.861429
 57 0.812143
 58 0.767143
 59 0.828214
 60 0.830357
 61 0.675000
 62 33.901071
 63 1.131429
 64 0.811071
 65 0.808929
 66 0.850714
 67 0.881786
 68 0.834643
 69 0.817500
 70 0.822857
 71 0.796071
 72 0.808929
 73 0.798214
 74 0.841071
 75 0.807857
 76 0.756429
 77 0.810000
 78 0.783214
 79 0.806786
 80 0.751071
 81 0.802500
 82 0.795000
 83 0.743571
 84 0.774643
 85 0.714643
 86 0.765000
 87 0.736071
 88 0.733929
 89 0.823929
 90 0.720000
 91 0.803571
 92 0.904286
 93 0.840000
 94 62.761071
 95 1.060714
 96 0.825000
 97 0.784286
 98 0.765000
 99 0.791786
100 0.805714
101 0.703929
102 0.804643
103 0.782143
104 0.781071
105 0.798214
106 0.755357
107 0.758571
108 0.752143
109 0.717857
110 0.696429
111 0.740357
112 0.720000
113 0.783214
114 0.835714
115 0.781071
116 0.788571
117 0.811071
118 0.732857
119 0.673929
120 0.784286
121 0.799286
122 1.692857
123 0.831429
124 0.760714
125 0.799286
126 70.792500
127 1.122857
128 0.859286
129 0.832500
130 0.882857
131 0.782143
132 0.880714
133 0.786429
134 0.803571
135 0.769286
136 0.774643
137 0.835714
138 0.765000
139 0.790714
140 0.786429
141 0.669643
142 0.702857
143 0.666429
144 0.730714
145 0.628929
146 0.793929
147 0.701786
148 0.682500
149 0.673929
150 0.714643
151 0.725357
152 0.673929
153 0.701786
154 1.037143
155 0.784286
156 0.729643
157 0.715714
158 58.292143
159 0.917143
160 0.738214
161 0.710357
162 0.726429
163 0.683571
164 0.643929
165 0.711429
166 0.745714
167 3.838929
168 0.796071
169 0.730714
170 0.775714
171 0.778929
172 0.782143
173 0.790714
174 0.772500
175 0.838929
176 0.752143
177 0.768214
178 0.811071
179 0.852857
180 0.758571
181 0.686786
182 0.795000
183 0.818571
184 0.775714
185 0.787500
186 0.780000
187 0.697500
188 0.701786
189 0.782143
190 139.223571
191 2.509286
192 2.193214
193 1.863214
194 1.890000
195 1.943571
196 0.942857
197 0.880714
198 0.822857
199 19.013571
200 0.962143
