  1 314.436429
  2 298.662857
  3 37.729286
  4 2.173929
  5 1.916786
  6 368.771786
  7 2.696786
  8 1.960714
  9 1.773214
 10 1.920000
 11 1.877143
 12 1.953214
 13 2.027143
 14 71.179286
 15 2.134286
 16 1.910357
 17 1.902857
 18 1.836429
 19 1.842857
 20 1.976786
 21 1.869643
 22 1.890000
 23 1.876071
 24 2.327143
 25 1.872857
 26 1.816071
 27 1.856786
 28 1.777500
 29 1.803214
 30 180.566786
 31 1.230000
 32 2.323929
 33 2.164286
 34 1.890000
 35 1.940357
 36 1.842857
 37 1.937143
 38 1.806429
 39 1.842857
 40 1.826786
 41 1.819286
 42 1.980000
 43 1.662857
 44 1.662857
 45 1.746429
 46 1.823571
 47 1.770000
 48 1.856786
 49 1.736786
 50 1.803214
 51 1.659643
 52 1.793571
 53 1.796786
 54 1.872857
 55 1.729286
 56 1.770000
 57 1.833214
 58 1.823571
 59 1.773214
 60 1.653214
 61 1.673571
 62 71.943214
 63 2.090357
 64 1.853571
 65 1.883571
 66 1.877143
 67 1.886786
 68 1.850357
 69 1.846071
 70 1.883571
 71 1.864286
 72 1.839643
 73 1.765714
 74 1.787143
 75 1.777500
 76 1.729286
 77 1.803214
 78 1.849286
 79 1.810714
 80 1.800000
 81 1.840714
 82 1.783929
 83 1.804286
 84 1.766786
 85 1.843929
 86 1.803214
 87 1.839643
 88 1.790357
 89 1.813929
 90 1.780714
 91 1.839643
 92 1.782857
 93 1.766786
 94 173.280000
 95 2.383929
 96 1.880357
 97 1.932857
 98 1.916786
 99 1.939286
100 1.920000
101 1.849286
102 30.263571
103 2.542500
104 1.953214
105 1.920000
106 1.877143
107 1.896429
108 1.910357
109 1.820357
110 1.806429
111 1.803214
112 1.946786
113 1.792500
114 1.807500
115 1.766786
116 1.826786
117 1.860000
118 40.970357
119 2.343214
120 1.890000
121 1.836429
122 1.740000
123 1.860000
124 1.907143
125 1.869643
126 68.710714
127 2.283214
128 1.863214
129 1.833214
130 1.877143
131 1.896429
132 1.723929
133 1.956429
134 1.913571
135 1.869643
136 1.870714
137 1.882500
138 1.830000
139 1.793571
140 1.803214
141 1.816071
142 1.782857
143 1.804286
144 1.753929
145 1.836429
146 1.743214
147 1.732500
148 1.833214
149 1.796786
150 1.730357
151 2.123571
152 1.850357
153 1.809643
154 1.839643
155 1.819286
156 1.812857
157 1.826786
158 315.070714
159 2.479286
160 2.019643
161 1.950000
162 33.970714
163 2.503929
164 1.849286
165 1.806429
166 1.885714
167 2.022857
168 1.839643
169 1.780714
170 1.872857
171 1.846071
172 1.823571
173 1.776429
174 1.836429
175 1.670357
176 1.830000
177 1.876071
178 1.817143
179 1.713214
180 1.807500
181 1.826786
182 1.872857
183 1.792500
184 1.776429
185 1.833214
186 1.793571
187 1.820357
188 1.873929
189 1.837500
190 77.057143
191 2.387143
192 1.822500
193 1.906071
194 1.890000
195 1.890000
196 1.850357
197 1.980000
198 1.839643
199 1.849286
200 1.860000
