  1 309.090000
  2 314.390357
  3 44.083929
  4 8.507143
  5 9.342857
  6 216.296786
  7 7.770000
  8 2.196429
  9 2.143929
 10 2.122500
 11 2.113929
 12 2.113929
 13 2.123571
 14 63.484286
 15 2.366786
 16 2.049643
 17 2.106429
 18 2.079643
 19 1.983214
 20 2.003571
 21 1.992857
 22 2.016429
 23 2.002500
 24 1.936071
 25 1.920000
 26 1.903929
 27 1.916786
 28 1.913571
 29 1.893214
 30 384.649286
 31 2.450357
 32 2.103214
 33 2.059286
 34 2.016429
 35 2.052857
 36 2.010000
 37 2.033571
 38 2.040000
 39 2.017500
 40 2.033571
 41 1.893214
 42 2.036786
 43 2.020714
 44 2.050714
 45 1.936071
 46 1.929643
 47 1.973571
 48 1.896429
 49 1.943571
 50 2.006786
 51 2.016429
 52 1.996071
 53 1.992857
 54 1.954286
 55 1.946786
 56 2.030357
 57 1.932857
 58 2.032500
 59 2.003571
 60 2.006786
 61 1.953214
 62 71.190000
 63 2.593929
 64 2.136429
 65 2.163214
 66 2.130000
 67 2.100000
 68 2.046429
 69 1.973571
 70 1.920000
 71 2.053929
 72 2.056071
 73 1.980000
 74 2.040000
 75 2.043214
 76 1.923214
 77 1.940357
 78 1.923214
 79 1.929643
 80 2.073214
 81 1.950000
 82 1.933929
 83 2.182500
 84 2.006786
 85 2.006786
 86 2.087143
 87 2.080714
 88 1.983214
 89 1.962857
 90 2.046429
 91 2.063571
 92 2.000357
 93 2.022857
 94 105.173571
 95 2.289643
 96 2.119286
 97 2.022857
 98 2.080714
 99 2.053929
100 2.076429
101 2.019643
102 2.036786
103 1.943571
104 1.973571
105 2.006786
106 1.946786
107 2.010000
108 2.043214
109 1.986429
110 2.080714
111 1.926429
112 2.033571
113 2.073214
114 2.083929
115 1.943571
116 1.983214
117 2.040000
118 2.027143
119 2.090357
120 1.970357
121 2.100000
122 3.052500
123 2.126786
124 2.123571
125 2.100000
126 66.339643
127 2.220000
128 2.146071
129 2.076429
130 2.023929
131 1.957500
132 2.150357
133 2.152500
134 2.103214
135 2.026071
136 2.014286
137 2.076429
138 2.040000
139 2.030357
140 1.939286
141 1.956429
142 2.049643
143 2.100000
144 2.006786
145 2.104286
146 1.983214
147 2.560714
148 2.179286
149 2.076429
150 2.036786
151 2.013214
152 2.019643
153 2.022857
154 2.016429
155 2.033571
156 2.096786
157 1.990714
158 61.913571
159 2.333571
160 1.999286
161 1.989643
162 1.976786
163 1.943571
164 1.986429
165 1.989643
166 1.870714
167 1.945714
168 1.920000
169 1.976786
170 1.937143
171 1.913571
172 1.943571
173 1.899643
174 1.873929
175 1.957500
176 1.906071
177 1.879286
178 1.880357
179 1.989643
180 1.893214
181 1.903929
182 1.932857
183 1.984286
184 1.976786
185 1.909286
186 1.966071
187 1.916786
188 1.983214
189 1.972500
190 63.703929
191 2.640000
192 2.040000
193 2.093571
194 2.120357
195 2.052857
196 2.049643
197 2.079643
198 2.126786
199 2.079643
200 2.110714
