  1 269.598214
  2 335.486786
  3 39.800357
  4 2.280000
  5 1.927500
  6 277.356429
  7 1.359643
  8 0.784286
  9 3.856071
 10 0.802500
 11 0.769286
 12 0.768214
 13 0.746786
 14 33.261429
 15 0.943929
 16 0.745714
 17 0.808929
 18 0.780000
 19 0.683571
 20 1.012500
 21 0.870000
 22 0.863571
 23 0.850714
 24 1.002857
 25 0.832500
 26 0.858214
 27 0.889286
 28 0.852857
 29 0.791786
 30 201.951429
 31 1.321071
 32 0.900000
 33 1.050000
 34 0.853929
 35 0.883929
 36 0.816429
 37 0.795000
 38 0.841071
 39 0.877500
 40 0.782143
 41 0.753214
 42 0.778929
 43 0.835714
 44 0.819643
 45 0.871071
 46 0.816429
 47 0.938571
 48 0.850714
 49 0.810000
 50 0.795000
 51 0.857143
 52 0.887143
 53 0.832500
 54 0.819643
 55 0.805714
 56 0.815357
 57 0.832500
 58 0.805714
 59 0.754286
 60 0.790714
 61 0.733929
 62 34.579286
 63 1.071429
 64 0.868929
 65 0.848571
 66 0.978214
 67 0.877500
 68 0.796071
 69 0.766071
 70 0.791786
 71 0.828214
 72 0.866786
 73 0.796071
 74 0.864643
 75 0.822857
 76 0.797143
 77 0.792857
 78 0.757500
 79 0.765000
 80 0.810000
 81 0.748929
 82 0.841071
 83 0.833571
 84 0.814286
 85 0.840000
 86 0.846429
 87 0.806786
 88 0.795000
 89 0.831429
 90 0.750000
 91 0.800357
 92 0.853929
 93 0.856071
 94 57.294643
 95 1.282500
 96 0.850714
 97 1.009286
 98 0.810000
 99 0.898929
100 0.804643
101 0.810000
102 0.808929
103 0.842143
104 0.909643
105 0.790714
106 0.806786
107 0.752143
108 0.762857
109 0.788571
110 0.821786
111 0.777857
112 0.789643
113 0.808929
114 0.820714
115 0.795000
116 0.760714
117 0.788571
118 0.791786
119 0.770357
120 0.751071
121 0.784286
122 0.813214
123 0.720000
124 0.778929
125 0.759643
126 48.463929
127 1.080000
128 0.889286
129 0.885000
130 0.851786
131 0.897857
132 0.782143
133 0.795000
134 0.782143
135 0.775714
136 0.798214
137 0.761786
138 0.753214
139 0.805714
140 0.801429
141 0.778929
142 0.782143
143 0.804643
144 0.835714
145 0.818571
146 0.777857
147 0.706071
148 0.753214
149 0.784286
150 0.792857
151 0.865714
152 0.792857
153 0.801429
154 0.835714
155 0.775714
156 0.870000
157 0.865714
158 56.842500
159 1.017857
160 0.921429
161 0.780000
162 0.796071
163 0.861429
164 0.849643
165 0.825000
166 0.733929
167 0.786429
168 0.793929
169 0.787500
170 0.898929
171 0.811071
172 0.826071
173 0.822857
174 0.796071
175 0.816429
176 0.793929
177 1.729286
178 0.935357
179 0.807857
180 0.800357
181 0.798214
182 0.768214
183 0.811071
184 0.853929
185 0.787500
186 0.813214
187 0.805714
188 0.787500
189 0.828214
190 49.140000
191 0.972857
192 0.807857
193 0.853929
194 0.843214
195 0.834643
196 0.841071
197 0.940714
198 0.795000
199 0.711429
200 0.834643
