  1 146.777143
  2 139.920000
  3 17.838214
  4 0.977143
  5 0.818571
  6 138.218571
  7 1.067143
  8 0.883929
  9 0.817500
 10 0.817500
 11 0.810000
 12 0.837857
 13 0.756429
 14 33.220714
 15 0.930000
 16 0.911786
 17 0.870000
 18 0.845357
 19 0.806786
 20 0.898929
 21 0.830357
 22 0.846429
 23 0.918214
 24 0.980357
 25 0.928929
 26 0.849643
 27 0.820714
 28 0.836786
 29 0.833571
 30 118.810714
 31 1.147500
 32 0.817500
 33 1.024286
 34 0.969643
 35 0.820714
 36 0.814286
 37 0.892500
 38 0.880714
 39 0.842143
 40 0.789643
 41 0.766071
 42 0.913929
 43 0.808929
 44 0.758571
 45 0.802500
 46 0.775714
 47 0.797143
 48 0.796071
 49 0.799286
 50 0.803571
 51 0.795000
 52 0.845357
 53 0.827143
 54 0.783214
 55 0.774643
 56 0.810000
 57 0.774643
 58 0.811071
 59 0.821786
 60 0.807857
 61 0.774643
 62 36.443571
 63 0.954643
 64 0.750000
 65 0.799286
 66 0.727500
 67 0.827143
 68 0.726429
 69 0.750000
 70 0.777857
 71 0.718929
 72 0.762857
 73 0.728571
 74 0.705000
 75 0.714643
 76 0.739286
 77 0.720000
 78 0.697500
 79 0.778929
 80 0.760714
 81 0.696429
 82 0.747857
 83 0.694286
 84 0.708214
 85 0.703929
 86 0.682500
 87 0.692143
 88 0.795000
 89 0.693214
 90 0.720000
 91 0.727500
 92 0.710357
 93 0.684643
 94 100.748571
 95 1.025357
 96 0.851786
 97 0.878571
 98 0.813214
 99 0.783214
100 0.826071
101 0.781071
102 1.476429
103 0.900000
104 0.820714
105 0.791786
106 0.800357
107 0.923571
108 0.841071
109 0.725357
110 0.785357
111 0.770357
112 0.784286
113 0.786429
114 0.797143
115 0.758571
116 0.782143
117 0.906429
118 0.792857
119 0.781071
120 0.797143
121 0.803571
122 0.852857
123 0.822857
124 0.812143
125 0.791786
126 36.330000
127 0.981429
128 64.060714
129 2.047500
130 1.886786
131 1.890000
132 1.796786
133 0.991071
134 0.796071
135 0.820714
136 0.847500
137 0.915000
138 0.791786
139 0.799286
140 0.965357
141 0.843214
142 0.818571
143 0.796071
144 0.821786
145 0.805714
146 0.856071
147 0.733929
148 0.789643
149 0.930000
150 0.806786
151 0.817500
152 0.853929
153 0.777857
154 0.800357
155 0.823929
156 1.030714
157 0.810000
158 78.017143
159 1.041429
160 0.923571
161 0.831429
162 0.799286
163 0.786429
164 0.802500
165 0.834643
166 0.729643
167 0.841071
168 0.792857
169 0.891429
170 0.825000
171 0.778929
172 0.715714
173 0.777857
174 0.827143
175 0.911786
176 0.783214
177 0.775714
178 0.815357
179 0.791786
180 0.785357
181 0.773571
182 0.791786
183 0.811071
184 0.808929
185 0.797143
186 0.834643
187 0.857143
188 0.814286
189 0.817500
190 51.664286
191 0.927857
192 0.743571
193 0.755357
194 0.735000
195 0.732857
196 0.720000
197 0.697500
198 0.686786
199 0.837857
200 0.714643
