  1 252.540000
  2 271.880357
  3 41.046429
  4 2.153571
  5 1.997143
  6 289.900714
  7 2.373214
  8 1.953214
  9 1.910357
 10 1.933929
 11 1.883571
 12 1.847143
 13 1.924286
 14 55.474286
 15 0.911786
 16 0.793929
 17 0.739286
 18 0.710357
 19 0.773571
 20 0.741429
 21 0.729643
 22 0.738214
 23 0.746786
 24 0.934286
 25 0.769286
 26 0.775714
 27 0.735000
 28 0.962143
 29 0.735000
 30 304.131429
 31 2.600357
 32 2.016429
 33 1.886786
 34 1.932857
 35 1.959643
 36 1.973571
 37 1.943571
 38 1.789286
 39 1.773214
 40 1.967143
 41 2.070000
 42 1.902857
 43 1.837500
 44 1.830000
 45 1.880357
 46 1.860000
 47 1.860000
 48 2.090357
 49 1.817143
 50 1.897500
 51 1.923214
 52 1.872857
 53 1.867500
 54 1.899643
 55 1.883571
 56 1.796786
 57 1.826786
 58 1.833214
 59 1.863214
 60 1.826786
 61 1.870714
 62 76.356429
 63 2.199643
 64 1.980000
 65 1.926429
 66 1.936071
 67 1.970357
 68 1.923214
 69 1.956429
 70 1.872857
 71 1.833214
 72 1.803214
 73 1.909286
 74 1.853571
 75 1.927500
 76 1.856786
 77 1.980000
 78 1.872857
 79 1.866429
 80 1.870714
 81 1.842857
 82 1.860000
 83 1.879286
 84 1.819286
 85 1.866429
 86 1.810714
 87 1.830000
 88 1.873929
 89 1.809643
 90 1.826786
 91 1.833214
 92 1.869643
 93 1.806429
 94 307.398214
 95 3.677143
 96 2.233929
 97 2.126786
 98 1.915714
 99 2.013214
100 1.943571
101 1.975714
102 1.902857
103 1.846071
104 1.850357
105 1.833214
106 1.885714
107 1.896429
108 1.873929
109 1.883571
110 1.897500
111 1.860000
112 1.783929
113 1.940357
114 1.853571
115 1.783929
116 1.893214
117 1.873929
118 1.877143
119 1.866429
120 1.826786
121 1.907143
122 1.926429
123 1.940357
124 1.939286
125 1.879286
126 72.800357
127 2.207143
128 1.940357
129 1.950000
130 1.943571
131 1.940357
132 1.882500
133 1.933929
134 1.899643
135 1.929643
136 1.929643
137 1.956429
138 1.897500
139 1.863214
140 1.906071
141 1.883571
142 1.896429
143 1.872857
144 1.839643
145 1.893214
146 1.939286
147 1.913571
148 1.899643
149 1.950000
150 1.907143
151 1.943571
152 1.863214
153 1.893214
154 1.826786
155 1.790357
156 1.913571
157 1.853571
158 185.506071
159 2.433214
160 1.940357
161 1.843929
162 34.040357
163 2.073214
164 1.930714
165 4.066071
166 1.999286
167 1.896429
168 1.906071
169 1.896429
170 1.893214
171 1.873929
172 1.946786
173 1.896429
174 1.890000
175 1.830000
176 1.899643
177 1.907143
178 1.893214
179 1.836429
180 1.847143
181 1.760357
182 1.880357
183 1.863214
184 1.890000
185 1.766786
186 1.876071
187 1.869643
188 1.759286
189 1.803214
190 72.150000
191 2.207143
192 1.966071
193 1.923214
194 1.906071
195 1.856786
196 1.933929
197 1.916786
198 1.959643
199 1.950000
200 1.929643
