  1 142.396071
  2 145.602857
  3 40.237500
  4 2.019643
  5 1.899643
  6 293.386071
  7 2.382857
  8 1.959643
  9 1.973571
 10 1.846071
 11 1.910357
 12 1.936071
 13 2.019643
 14 70.406786
 15 2.130000
 16 1.856786
 17 1.929643
 18 2.065714
 19 1.913571
 20 1.890000
 21 1.932857
 22 1.877143
 23 1.872857
 24 2.013214
 25 1.943571
 26 1.929643
 27 1.923214
 28 1.920000
 29 1.915714
 30 98.646429
 31 2.256429
 32 2.010000
 33 1.992857
 34 2.183571
 35 2.013214
 36 1.932857
 37 1.813929
 38 1.813929
 39 1.989643
 40 1.909286
 41 1.837500
 42 1.909286
 43 1.916786
 44 1.876071
 45 2.000357
 46 1.950000
 47 1.954286
 48 1.962857
 49 32.850000
 50 2.207143
 51 1.916786
 52 1.913571
 53 1.886786
 54 1.860000
 55 1.932857
 56 1.913571
 57 1.893214
 58 1.897500
 59 1.849286
 60 1.817143
 61 1.770000
 62 118.189286
 63 2.463214
 64 1.950000
 65 1.880357
 66 1.939286
 67 1.942500
 68 1.912500
 69 1.813929
 70 1.880357
 71 1.890000
 72 1.890000
 73 1.812857
 74 1.910357
 75 1.830000
 76 1.893214
 77 1.810714
 78 1.793571
 79 1.842857
 80 1.899643
 81 1.867500
 82 1.823571
 83 1.883571
 84 1.880357
 85 1.809643
 86 1.836429
 87 1.999286
 88 1.729286
 89 1.833214
 90 1.909286
 91 1.870714
 92 1.833214
 93 1.849286
 94 99.582857
 95 2.250000
 96 1.860000
 97 1.936071
 98 1.923214
 99 1.959643
100 1.886786
101 1.937143
102 1.860000
103 1.896429
104 2.163214
105 1.913571
106 1.870714
107 1.736786
108 1.782857
109 1.886786
110 1.779643
111 1.833214
112 1.823571
113 1.909286
114 1.806429
115 1.820357
116 1.747500
117 1.770000
118 1.839643
119 1.873929
120 1.860000
121 1.890000
122 1.920000
123 1.896429
124 1.830000
125 1.826786
126 261.326786
127 2.772857
128 1.996071
129 1.912500
130 1.916786
131 1.936071
132 1.913571
133 1.902857
134 1.776429
135 1.856786
136 1.836429
137 1.886786
138 1.973571
139 1.886786
140 1.826786
141 1.836429
142 1.853571
143 1.800000
144 1.899643
145 1.796786
146 1.843929
147 1.770000
148 1.810714
149 1.890000
150 1.850357
151 1.962857
152 1.836429
153 1.886786
154 1.806429
155 1.800000
156 1.836429
157 1.883571
158 75.220714
159 2.280000
160 2.100000
161 1.890000
162 1.856786
163 1.937143
164 1.850357
165 1.869643
166 1.792500
167 1.809643
168 1.846071
169 1.833214
170 1.816071
171 1.786071
172 1.873929
173 1.830000
174 1.826786
175 1.853571
176 1.826786
177 1.847143
178 1.813929
179 1.907143
180 1.870714
181 1.770000
182 1.793571
183 1.807500
184 1.747500
185 1.766786
186 1.853571
187 1.820357
188 1.793571
189 1.855714
190 556.637143
191 2.259643
192 1.876071
193 1.886786
194 1.879286
195 1.886786
196 1.840714
197 1.806429
198 1.809643
199 4.013571
200 1.842857
