  1 252.296786
  2 340.044643
  3 42.026786
  4 2.210357
  5 1.929643
  6 314.985000
  7 2.330357
  8 1.966071
  9 1.927500
 10 1.966071
 11 1.967143
 12 1.880357
 13 1.893214
 14 69.413571
 15 2.110714
 16 1.962857
 17 1.923214
 18 1.850357
 19 1.950000
 20 1.840714
 21 2.010000
 22 1.899643
 23 2.019643
 24 2.070000
 25 1.945714
 26 1.946786
 27 1.899643
 28 1.883571
 29 1.920000
 30 260.801786
 31 2.310000
 32 1.939286
 33 1.939286
 34 2.020714
 35 1.976786
 36 1.983214
 37 1.820357
 38 1.856786
 39 1.813929
 40 1.819286
 41 1.817143
 42 1.910357
 43 1.893214
 44 1.863214
 45 1.860000
 46 1.907143
 47 1.932857
 48 1.903929
 49 1.903929
 50 1.943571
 51 1.765714
 52 1.749643
 53 1.836429
 54 1.860000
 55 1.886786
 56 1.836429
 57 1.883571
 58 1.893214
 59 1.856786
 60 1.880357
 61 1.850357
 62 70.479643
 63 2.060357
 64 1.876071
 65 1.967143
 66 1.943571
 67 1.910357
 68 1.940357
 69 1.940357
 70 1.790357
 71 1.826786
 72 1.752857
 73 1.856786
 74 1.776429
 75 1.923214
 76 1.876071
 77 1.853571
 78 1.790357
 79 1.813929
 80 1.817143
 81 1.850357
 82 1.916786
 83 1.890000
 84 1.806429
 85 1.956429
 86 1.849286
 87 1.870714
 88 1.886786
 89 1.843929
 90 1.740000
 91 1.876071
 92 1.893214
 93 1.929643
 94 113.660357
 95 2.469643
 96 1.900714
 97 1.983214
 98 2.046429
 99 1.913571
100 1.839643
101 1.863214
102 1.907143
103 1.890000
104 1.876071
105 1.866429
106 1.790357
107 1.830000
108 1.786071
109 1.883571
110 1.883571
111 1.806429
112 1.877143
113 1.833214
114 1.856786
115 1.883571
116 1.877143
117 1.866429
118 1.866429
119 1.909286
120 1.800000
121 1.823571
122 1.846071
123 1.869643
124 3.402857
125 1.960714
126 65.590714
127 2.016429
128 1.896429
129 1.873929
130 1.953214
131 1.890000
132 1.990714
133 1.907143
134 1.920000
135 1.819286
136 1.912500
137 1.893214
138 1.899643
139 1.850357
140 1.899643
141 1.836429
142 1.860000
143 1.792500
144 1.882500
145 1.804286
146 1.926429
147 1.853571
148 1.893214
149 1.833214
150 1.856786
151 1.820357
152 1.773214
153 1.806429
154 1.893214
155 1.916786
156 1.853571
157 1.796786
158 208.920000
159 2.276786
160 1.956429
161 2.000357
162 2.033571
163 1.986429
164 2.010000
165 1.986429
166 2.000357
167 1.989643
168 3.620357
169 1.962857
170 1.967143
171 1.893214
172 1.930714
173 1.890000
174 1.976786
175 1.877143
176 1.883571
177 1.893214
178 1.960714
179 1.903929
180 1.936071
181 1.940357
182 1.932857
183 1.916786
184 1.983214
185 1.920000
186 1.899643
187 1.870714
188 1.913571
189 1.910357
190 70.620000
191 2.163214
192 1.953214
193 1.932857
194 1.907143
195 1.933929
196 1.916786
197 1.940357
198 1.984286
199 1.856786
200 1.913571
