  1 279.339643
  2 223.089643
  3 38.400000
  4 2.010000
  5 2.016429
  6 198.219643
  7 2.430000
  8 1.873929
  9 2.529643
 10 2.000357
 11 1.883571
 12 1.972500
 13 1.850357
 14 68.027143
 15 2.185714
 16 2.109643
 17 1.853571
 18 1.937143
 19 1.932857
 20 1.910357
 21 1.826786
 22 1.980000
 23 1.880357
 24 2.133214
 25 2.010000
 26 1.836429
 27 2.010000
 28 1.936071
 29 1.956429
 30 185.613214
 31 2.366786
 32 2.080714
 33 2.112857
 34 2.043214
 35 1.820357
 36 1.980000
 37 1.812857
 38 1.990714
 39 1.956429
 40 1.869643
 41 1.749643
 42 1.910357
 43 1.762500
 44 1.980000
 45 1.953214
 46 1.920000
 47 1.757143
 48 1.924286
 49 1.676786
 50 1.973571
 51 2.676429
 52 1.942500
 53 1.757143
 54 1.976786
 55 1.803214
 56 1.869643
 57 1.763571
 58 1.926429
 59 1.800000
 60 1.913571
 61 1.723929
 62 69.257143
 63 2.186786
 64 1.830000
 65 1.967143
 66 1.833214
 67 1.996071
 68 1.866429
 69 2.066786
 70 1.756071
 71 1.983214
 72 1.766786
 73 1.927500
 74 1.826786
 75 1.886786
 76 1.786071
 77 1.906071
 78 1.896429
 79 1.823571
 80 1.932857
 81 1.779643
 82 1.833214
 83 1.830000
 84 1.803214
 85 1.823571
 86 1.997143
 87 1.830000
 88 1.956429
 89 1.803214
 90 1.920000
 91 1.816071
 92 1.956429
 93 1.923214
 94 314.303571
 95 2.423571
 96 2.043214
 97 1.953214
 98 1.867500
 99 1.975714
100 1.853571
101 1.929643
102 1.779643
103 1.983214
104 1.967143
105 1.962857
106 1.963929
107 1.786071
108 1.986429
109 2.046429
110 1.912500
111 4.159286
112 1.816071
113 1.883571
114 2.003571
115 1.946786
116 1.830000
117 1.937143
118 1.786071
119 2.086071
120 1.873929
121 2.030357
122 1.817143
123 1.849286
124 1.842857
125 1.973571
126 69.844286
127 2.373214
128 1.866429
129 1.976786
130 1.846071
131 2.043214
132 1.920000
133 2.049643
134 1.803214
135 2.010000
136 1.823571
137 2.143929
138 1.864286
139 1.893214
140 1.736786
141 1.980000
142 1.823571
143 1.950000
144 1.856786
145 1.882500
146 1.950000
147 1.933929
148 1.939286
149 1.920000
150 1.877143
151 1.830000
152 2.046429
153 1.822500
154 1.920000
155 2.014286
156 1.830000
157 2.027143
158 374.655000
159 2.632500
160 1.937143
161 1.992857
162 1.950000
163 1.893214
164 1.847143
165 1.823571
166 1.886786
167 1.866429
168 1.899643
169 1.840714
170 2.016429
171 1.826786
172 2.043214
173 1.730357
174 2.079643
175 1.860000
176 1.923214
177 1.760357
178 1.950000
179 1.946786
180 1.939286
181 1.809643
182 1.886786
183 1.756071
184 1.980000
185 1.763571
186 1.890000
187 1.626429
188 1.960714
189 1.752857
190 79.500000
191 2.423571
192 1.906071
193 1.960714
194 1.856786
195 1.940357
196 1.912500
197 1.992857
198 1.812857
199 1.843929
200 1.823571
