  1 355.638214
  2 313.813929
  3 38.940000
  4 2.126786
  5 1.716429
  6 338.053929
  7 2.286429
  8 1.900714
  9 1.683214
 10 1.783929
 11 1.789286
 12 1.863214
 13 1.783929
 14 63.580714
 15 2.103214
 16 1.833214
 17 1.787143
 18 1.793571
 19 1.726071
 20 1.826786
 21 1.770000
 22 1.752857
 23 1.840714
 24 1.877143
 25 1.809643
 26 1.770000
 27 1.700357
 28 1.713214
 29 1.713214
 30 315.536786
 31 2.327143
 32 1.900714
 33 1.842857
 34 1.789286
 35 1.789286
 36 1.746429
 37 1.782857
 38 1.839643
 39 1.703571
 40 1.723929
 41 1.770000
 42 1.740000
 43 1.733571
 44 1.653214
 45 1.749643
 46 1.820357
 47 1.743214
 48 1.656429
 49 1.740000
 50 1.740000
 51 1.696071
 52 1.706786
 53 1.753929
 54 1.702500
 55 1.757143
 56 1.776429
 57 1.650000
 58 1.620000
 59 1.686429
 60 1.803214
 61 1.686429
 62 70.339286
 63 2.076429
 64 1.720714
 65 1.719643
 66 1.890000
 67 1.806429
 68 1.823571
 69 1.789286
 70 1.736786
 71 1.762500
 72 1.590000
 73 1.790357
 74 1.693929
 75 1.753929
 76 1.726071
 77 1.706786
 78 1.620000
 79 1.719643
 80 1.733571
 81 1.820357
 82 1.813929
 83 1.623214
 84 1.803214
 85 1.740000
 86 1.670357
 87 1.833214
 88 1.743214
 89 1.684286
 90 1.915714
 91 1.696071
 92 1.663929
 93 1.693929
 94 322.553571
 95 3.176786
 96 1.886786
 97 1.860000
 98 1.902857
 99 1.773214
100 1.686429
101 1.813929
102 1.736786
103 1.729286
104 1.732500
105 1.850357
106 4.103571
107 1.757143
108 1.662857
109 1.653214
110 1.806429
111 1.787143
112 1.807500
113 1.749643
114 1.752857
115 1.766786
116 1.696071
117 1.653214
118 1.869643
119 1.872857
120 1.789286
121 1.853571
122 1.662857
123 1.763571
124 1.744286
125 1.667143
126 64.096071
127 2.073214
128 1.753929
129 1.793571
130 1.839643
131 1.722857
132 1.836429
133 1.763571
134 1.823571
135 1.825714
136 1.749643
137 1.744286
138 1.689643
139 1.613571
140 1.749643
141 1.643571
142 1.650000
143 1.733571
144 1.765714
145 1.743214
146 1.637143
147 1.654286
148 1.693929
149 1.816071
150 1.727143
151 1.787143
152 1.653214
153 1.726071
154 1.752857
155 1.743214
156 1.667143
157 1.693929
158 239.270357
159 2.370000
160 1.787143
161 1.700357
162 1.773214
163 1.770000
164 1.766786
165 1.696071
166 1.689643
167 1.662857
168 1.766786
169 1.646786
170 1.690714
171 1.740000
172 2.480357
173 1.740000
174 1.773214
175 1.940357
176 1.643571
177 1.706786
178 1.713214
179 1.686429
180 1.740000
181 1.653214
182 1.756071
183 1.762500
184 1.776429
185 1.680000
186 1.703571
187 1.786071
188 1.800000
189 1.773214
190 67.096071
191 2.040000
192 1.736786
193 1.800000
194 1.849286
195 1.809643
196 1.733571
197 1.763571
198 1.759286
199 1.676786
200 1.669286
  1 265.512857
  2 170.573571
  3 38.532857
  4 2.096786
  5 1.890000
  6 256.226786
  7 2.643214
  8 1.777500
  9 1.860000
 10 1.940357
 11 1.896429
 12 1.756071
 13 1.863214
 14 69.120000
 15 2.186786
 16 1.976786
 17 1.920000
 18 1.932857
 19 13.896429
 20 1.930714
 21 1.776429
 22 1.753929
 23 1.760357
 24 2.057143
 25 1.980000
 26 1.923214
 27 1.839643
 28 1.939286
 29 1.900714
 30 279.910714
 31 2.546786
 32 1.916786
 33 1.872857
 34 1.830000
 35 1.819286
 36 1.899643
 37 1.820357
 38 1.863214
 39 1.873929
 40 1.986429
 41 1.890000
 42 1.820357
 43 1.786071
 44 1.779643
 45 1.809643
 46 1.716429
 47 1.743214
 48 1.842857
 49 1.860000
 50 1.886786
 51 1.762500
 52 1.852500
 53 1.777500
 54 1.846071
 55 1.886786
 56 1.756071
 57 1.932857
 58 1.776429
 59 1.812857
 60 1.782857
 61 1.726071
 62 67.803214
 63 2.240357
 64 1.877143
 65 1.860000
 66 1.863214
 67 1.910357
 68 1.826786
 69 1.852500
 70 1.759286
 71 1.816071
 72 1.817143
 73 1.779643
 74 1.793571
 75 1.839643
 76 1.843929
 77 1.765714
 78 1.740000
 79 1.787143
 80 1.886786
 81 1.850357
 82 1.812857
 83 1.816071
 84 1.752857
 85 1.710000
 86 1.800000
 87 1.686429
 88 1.803214
 89 1.836429
 90 1.783929
 91 1.817143
 92 1.719643
 93 1.676786
 94 194.147143
 95 2.423571
 96 1.880357
 97 1.817143
 98 1.756071
 99 1.787143
100 1.840714
101 1.836429
102 1.822500
103 1.770000
104 1.650000
105 1.713214
106 1.796786
107 1.756071
108 1.795714
109 1.683214
110 1.782857
111 1.760357
112 1.756071
113 1.759286
114 2.439643
115 1.896429
116 1.853571
117 3.072857
118 1.886786
119 1.856786
120 1.770000
121 1.713214
122 1.833214
123 1.730357
124 1.823571
125 1.796786
126 68.300357
127 1.913571
128 1.822500
129 1.710000
130 1.717500
131 1.820357
132 1.800000
133 1.776429
134 1.873929
135 1.806429
136 1.686429
137 1.653214
138 1.729286
139 1.820357
140 1.817143
141 1.803214
142 1.856786
143 1.830000
144 1.710000
145 1.796786
146 1.793571
147 1.743214
148 1.780714
149 1.700357
150 1.697143
151 1.700357
152 1.733571
153 1.786071
154 1.870714
155 1.873929
156 1.890000
157 1.800000
158 283.787143
159 2.317500
160 1.943571
161 2.006786
162 1.852500
163 1.789286
164 1.782857
165 1.853571
166 1.722857
167 1.847143
168 1.926429
169 1.880357
170 1.869643
171 1.846071
172 1.869643
173 1.782857
174 2.746071
175 1.806429
176 1.800000
177 1.763571
178 1.700357
179 1.803214
180 1.730357
181 1.752857
182 1.706786
183 1.753929
184 1.800000
185 1.856786
186 1.716429
187 1.809643
188 1.796786
189 1.790357
190 69.636429
191 2.185714
192 1.759286
193 1.826786
194 1.823571
195 1.813929
196 1.822500
197 1.783929
198 1.783929
199 1.757143
200 1.763571
