  1 287.123571
  2 351.273214
  3 40.599643
  4 2.243571
  5 2.166429
  6 323.916429
  7 2.682857
  8 2.297143
  9 2.092500
 10 2.043214
 11 2.044286
 12 1.980000
 13 2.043214
 14 72.934286
 15 2.226429
 16 2.133214
 17 2.142857
 18 2.076429
 19 2.172857
 20 2.123571
 21 2.070000
 22 2.040000
 23 4.160357
 24 2.010000
 25 2.136429
 26 2.107500
 27 2.040000
 28 2.060357
 29 1.976786
 30 257.844643
 31 2.903571
 32 2.123571
 33 1.993929
 34 2.083929
 35 2.089286
 36 2.049643
 37 2.022857
 38 1.924286
 39 1.869643
 40 2.053929
 41 2.083929
 42 2.090357
 43 2.076429
 44 2.053929
 45 2.056071
 46 2.109643
 47 2.046429
 48 1.986429
 49 2.100000
 50 1.989643
 51 1.969286
 52 1.996071
 53 1.986429
 54 4.170000
 55 2.043214
 56 2.029286
 57 2.046429
 58 2.014286
 59 2.006786
 60 1.910357
 61 2.070000
 62 72.046071
 63 2.259643
 64 2.066786
 65 2.050714
 66 2.076429
 67 2.003571
 68 2.006786
 69 1.960714
 70 1.933929
 71 1.967143
 72 2.000357
 73 1.946786
 74 1.950000
 75 1.963929
 76 1.972500
 77 1.959643
 78 1.923214
 79 2.003571
 80 2.006786
 81 1.983214
 82 2.049643
 83 1.956429
 84 2.030357
 85 2.040000
 86 1.973571
 87 1.890000
 88 4.196786
 89 2.076429
 90 2.000357
 91 1.936071
 92 1.943571
 93 2.093571
 94 1741.682143
 95 2.689286
 96 2.209286
 97 2.063571
 98 2.103214
 99 2.066786
100 1.996071
101 2.032500
102 2.030357
103 2.016429
104 1.963929
105 2.026071
106 1.946786
107 1.987500
108 4.548214
109 0.803571
110 0.769286
111 0.812143
112 0.792857
113 0.784286
114 0.783214
115 0.798214
116 0.748929
117 0.808929
118 0.829286
119 0.789643
120 0.737143
121 0.748929
122 0.900000
123 0.791786
124 0.744643
125 0.766071
126 32.641071
127 0.953571
128 0.847500
129 0.843214
130 0.818571
131 0.810000
132 5.715000
133 0.922500
134 0.902143
135 0.827143
136 0.870000
137 0.896786
138 0.878571
139 0.852857
140 0.802500
141 0.864643
142 0.813214
143 0.864643
144 0.903214
145 0.940714
146 0.826071
147 0.857143
148 0.801429
149 0.883929
150 0.868929
151 0.908571
152 0.864643
153 0.931071
154 0.863571
155 0.870000
156 0.861429
157 0.846429
158 162.819643
159 1.251429
160 0.934286
161 1.022143
162 0.879643
163 0.946071
164 0.903214
165 0.880714
166 0.876429
167 0.859286
168 0.842143
169 0.876429
170 0.880714
171 0.806786
172 0.894643
173 0.844286
174 0.874286
175 0.874286
176 0.836786
177 0.807857
178 0.849643
179 0.870000
180 0.903214
181 0.822857
182 0.893571
183 0.878571
184 0.872143
185 0.836786
186 0.879643
187 0.821786
188 0.900000
189 0.887143
190 73.185000
191 2.352857
192 2.073214
193 2.040000
194 2.030357
195 1.880357
196 1.920000
197 2.003571
198 1.963929
199 1.956429
200 2.096786
