  1 387.397500
  2 369.030000
  3 39.246429
  4 2.134286
  5 1.823571
  6 425.182500
  7 2.442857
  8 1.803214
  9 1.873929
 10 1.873929
 11 1.830000
 12 1.839643
 13 1.830000
 14 69.176786
 15 2.172857
 16 1.863214
 17 1.886786
 18 1.839643
 19 1.803214
 20 1.819286
 21 1.833214
 22 1.833214
 23 1.726071
 24 1.993929
 25 1.872857
 26 1.843929
 27 1.823571
 28 1.836429
 29 1.856786
 30 299.913214
 31 2.423571
 32 1.939286
 33 1.877143
 34 1.902857
 35 1.883571
 36 1.853571
 37 1.770000
 38 1.796786
 39 1.800000
 40 1.920000
 41 1.836429
 42 1.749643
 43 1.823571
 44 1.793571
 45 1.740000
 46 1.790357
 47 1.796786
 48 1.753929
 49 1.823571
 50 1.680000
 51 1.770000
 52 1.796786
 53 1.773214
 54 1.697143
 55 1.689643
 56 1.686429
 57 1.813929
 58 1.822500
 59 1.792500
 60 1.800000
 61 1.703571
 62 70.482857
 63 2.160000
 64 1.810714
 65 1.852500
 66 1.872857
 67 1.843929
 68 1.746429
 69 1.693929
 70 1.743214
 71 1.813929
 72 1.826786
 73 1.804286
 74 1.727143
 75 1.736786
 76 1.776429
 77 1.822500
 78 1.796786
 79 1.846071
 80 1.703571
 81 1.760357
 82 1.683214
 83 1.700357
 84 1.700357
 85 1.850357
 86 1.800000
 87 1.733571
 88 1.697143
 89 1.710000
 90 1.757143
 91 1.706786
 92 1.676786
 93 1.847143
 94 211.013571
 95 2.329286
 96 1.900714
 97 1.839643
 98 2.013214
 99 1.956429
100 1.826786
101 1.779643
102 1.803214
103 1.703571
104 1.743214
105 1.803214
106 1.823571
107 34.316786
108 2.176071
109 1.882500
110 1.916786
111 1.853571
112 1.877143
113 2.013214
114 1.740000
115 1.873929
116 1.830000
117 1.743214
118 1.722857
119 1.946786
120 1.666071
121 1.809643
122 1.730357
123 1.770000
124 1.746429
125 1.826786
126 67.023214
127 2.073214
128 1.860000
129 1.809643
130 1.856786
131 1.849286
132 1.786071
133 1.803214
134 1.746429
135 1.983214
136 1.822500
137 1.710000
138 1.867500
139 1.693929
140 1.683214
141 1.856786
142 1.713214
143 1.869643
144 1.700357
145 1.776429
146 1.820357
147 1.783929
148 1.680000
149 1.920000
150 1.749643
151 1.836429
152 1.776429
153 1.822500
154 1.686429
155 1.896429
156 1.800000
157 1.863214
158 200.183571
159 2.376429
160 2.376429
161 1.910357
162 1.730357
163 1.839643
164 1.822500
165 1.839643
166 1.719643
167 1.743214
168 1.716429
169 1.783929
170 1.897500
171 1.766786
172 1.809643
173 1.846071
174 1.763571
175 1.789286
176 1.773214
177 1.840714
178 1.866429
179 1.833214
180 1.756071
181 1.877143
182 1.803214
183 1.736786
184 1.752857
185 1.793571
186 1.746429
187 1.812857
188 1.706786
189 1.820357
190 70.503214
191 2.053929
192 1.850357
193 1.846071
194 1.779643
195 1.807500
196 1.810714
197 1.752857
198 1.810714
199 1.813929
200 1.863214
  1 461.400000
  2 325.538571
  3 41.073214
  4 2.319643
  5 1.856786
  6 346.796786
  7 2.537143
  8 1.983214
  9 1.839643
 10 1.902857
 11 1.956429
 12 1.929643
 13 1.836429
 14 65.460000
 15 2.112857
 16 1.886786
 17 1.943571
 18 1.843929
 19 1.866429
 20 1.913571
 21 1.863214
 22 1.819286
 23 1.819286
 24 2.014286
 25 1.856786
 26 1.879286
 27 1.853571
 28 1.853571
 29 1.779643
 30 290.086071
 31 2.760000
 32 2.319643
 33 1.842857
 34 1.916786
 35 1.850357
 36 1.809643
 37 1.830000
 38 1.836429
 39 1.886786
 40 1.803214
 41 1.750714
 42 1.796786
 43 1.787143
 44 1.980000
 45 4.037143
 46 1.782857
 47 1.770000
 48 1.826786
 49 1.800000
 50 1.736786
 51 1.766786
 52 1.837500
 53 1.643571
 54 1.816071
 55 1.760357
 56 1.759286
 57 1.796786
 58 1.680000
 59 1.765714
 60 1.749643
 61 1.736786
 62 71.250000
 63 2.240357
 64 1.759286
 65 1.806429
 66 1.714286
 67 1.782857
 68 1.847143
 69 1.823571
 70 1.740000
 71 1.790357
 72 1.686429
 73 1.626429
 74 1.757143
 75 1.663929
 76 1.723929
 77 1.766786
 78 1.776429
 79 1.716429
 80 1.633929
 81 1.699286
 82 1.763571
 83 1.659643
 84 1.740000
 85 1.653214
 86 1.723929
 87 1.719643
 88 1.722857
 89 1.783929
 90 1.735714
 91 1.753929
 92 1.653214
 93 1.663929
 94 190.146429
 95 2.376429
 96 31.896429
 97 2.049643
 98 1.896429
 99 1.902857
100 1.850357
101 1.830000
102 1.810714
103 1.673571
104 1.809643
105 1.782857
106 1.820357
107 1.773214
108 1.770000
109 1.702500
110 1.770000
111 1.782857
112 1.773214
113 1.796786
114 2.616429
115 1.849286
116 1.950000
117 1.847143
118 1.817143
119 1.900714
120 1.817143
121 1.853571
122 1.877143
123 1.796786
124 1.710000
125 1.800000
126 66.639643
127 2.063571
128 1.893214
129 1.913571
130 1.850357
131 4.002857
132 1.853571
133 1.950000
134 1.873929
135 1.747500
136 1.833214
137 1.770000
138 1.943571
139 1.932857
140 1.787143
141 1.853571
142 1.870714
143 328.787143
144 3.120000
145 1.983214
146 1.956429
147 1.963929
148 1.890000
149 1.926429
150 1.876071
151 1.840714
152 1.823571
153 1.933929
154 1.909286
155 1.789286
156 1.833214
157 1.856786
158 67.266429
159 2.086071
160 1.830000
161 1.846071
162 1.809643
163 1.830000
164 2.036786
165 1.912500
166 1.836429
167 1.833214
168 1.899643
169 2.036786
170 1.803214
171 1.796786
172 1.746429
173 1.836429
174 1.783929
175 1.850357
176 1.822500
177 1.746429
178 1.913571
179 1.860000
180 1.950000
181 1.886786
182 1.763571
183 1.773214
184 1.833214
185 1.812857
186 1.730357
187 1.833214
188 1.916786
189 1.834286
190 103.083214
191 2.260714
192 1.866429
193 1.906071
194 1.846071
195 1.856786
196 1.819286
197 1.920000
198 1.817143
199 1.833214
200 1.766786
