  1 212.360357
  2 339.006429
  3 39.626786
  4 2.050714
  5 1.920000
  6 264.960000
  7 2.226429
  8 1.973571
  9 1.913571
 10 1.907143
 11 1.960714
 12 1.890000
 13 2.276786
 14 67.893214
 15 2.156786
 16 1.902857
 17 2.006786
 18 1.890000
 19 1.906071
 20 1.763571
 21 1.896429
 22 1.883571
 23 1.902857
 24 2.216786
 25 1.890000
 26 1.896429
 27 1.953214
 28 1.937143
 29 1.890000
 30 293.048571
 31 2.332500
 32 33.167143
 33 2.452500
 34 2.133214
 35 1.976786
 36 1.912500
 37 1.872857
 38 1.883571
 39 1.916786
 40 1.910357
 41 1.913571
 42 1.924286
 43 1.800000
 44 1.933929
 45 1.883571
 46 1.803214
 47 1.796786
 48 1.793571
 49 2.183571
 50 1.819286
 51 1.867500
 52 1.823571
 53 1.896429
 54 1.840714
 55 2.057143
 56 1.743214
 57 1.806429
 58 1.763571
 59 1.853571
 60 1.806429
 61 2.036786
 62 70.105714
 63 1.983214
 64 1.890000
 65 1.830000
 66 1.876071
 67 1.906071
 68 1.936071
 69 1.809643
 70 1.839643
 71 1.840714
 72 1.842857
 73 1.913571
 74 1.929643
 75 1.803214
 76 1.812857
 77 1.760357
 78 1.869643
 79 1.936071
 80 1.896429
 81 1.886786
 82 1.879286
 83 1.722857
 84 1.879286
 85 1.834286
 86 1.946786
 87 1.843929
 88 1.834286
 89 1.833214
 90 1.856786
 91 1.877143
 92 1.850357
 93 1.760357
 94 116.966786
 95 2.202857
 96 2.022857
 97 1.880357
 98 1.843929
 99 1.890000
100 1.946786
101 1.893214
102 1.786071
103 2.040000
104 1.819286
105 1.803214
106 1.910357
107 1.836429
108 2.056071
109 1.812857
110 1.833214
111 1.776429
112 1.782857
113 2.013214
114 1.817143
115 1.816071
116 1.852500
117 1.819286
118 1.849286
119 1.975714
120 1.762500
121 1.810714
122 1.850357
123 1.830000
124 1.877143
125 66.503571
126 66.416786
127 2.073214
128 1.850357
129 1.822500
130 1.860000
131 1.873929
132 1.863214
133 1.770000
134 1.663929
135 1.833214
136 1.823571
137 1.806429
138 1.886786
139 1.826786
140 1.853571
141 1.790357
142 1.890000
143 2.005714
144 1.812857
145 2.119286
146 1.869643
147 2.043214
148 1.897500
149 2.050714
150 1.830000
151 1.779643
152 1.796786
153 4.320000
154 1.853571
155 1.820357
156 2.000357
157 1.806429
158 121.176429
159 2.283214
160 1.820357
161 1.863214
162 2.089286
163 1.804286
164 1.850357
165 1.953214
166 1.812857
167 1.813929
168 1.807500
169 1.795714
170 1.752857
171 1.809643
172 1.817143
173 1.806429
174 1.806429
175 1.770000
176 1.796786
177 2.049643
178 1.826786
179 1.843929
180 1.900714
181 1.826786
182 1.867500
183 1.840714
184 1.890000
185 1.800000
186 1.839643
187 1.864286
188 2.019643
189 2.764286
190 69.860357
191 2.066786
192 1.869643
193 1.913571
194 1.932857
195 2.000357
196 1.893214
197 1.866429
198 1.867500
199 1.837500
200 1.893214
