  1 214.422857
  2 236.379643
  3 37.879286
  4 2.303571
  5 2.117143
  6 210.890357
  7 2.559643
  8 2.126786
  9 1.927500
 10 2.016429
 11 1.923214
 12 1.923214
 13 1.950000
 14 67.492500
 15 2.379643
 16 1.913571
 17 2.057143
 18 1.950000
 19 1.966071
 20 1.846071
 21 1.957500
 22 2.010000
 23 1.929643
 24 2.046429
 25 2.103214
 26 1.983214
 27 2.106429
 28 2.136429
 29 1.997143
 30 75.970714
 31 2.183571
 32 1.867500
 33 2.100000
 34 2.003571
 35 1.953214
 36 1.946786
 37 1.939286
 38 1.970357
 39 1.883571
 40 1.846071
 41 1.779643
 42 1.787143
 43 1.820357
 44 1.883571
 45 1.782857
 46 1.773214
 47 1.757143
 48 1.793571
 49 1.689643
 50 1.743214
 51 1.816071
 52 1.843929
 53 1.790357
 54 1.886786
 55 1.813929
 56 1.803214
 57 1.700357
 58 1.763571
 59 1.807500
 60 1.736786
 61 1.946786
 62 97.369286
 63 2.322857
 64 2.022857
 65 1.942500
 66 1.923214
 67 1.992857
 68 2.023929
 69 2.033571
 70 1.846071
 71 1.834286
 72 1.976786
 73 1.963929
 74 1.973571
 75 1.757143
 76 1.789286
 77 1.756071
 78 1.825714
 79 1.726071
 80 1.773214
 81 1.706786
 82 1.800000
 83 1.820357
 84 1.740000
 85 1.760357
 86 1.782857
 87 1.776429
 88 1.833214
 89 1.833214
 90 1.803214
 91 1.793571
 92 1.753929
 93 1.870714
 94 113.570357
 95 2.313214
 96 1.879286
 97 1.896429
 98 1.956429
 99 1.976786
100 1.989643
101 1.962857
102 2.006786
103 1.932857
104 1.970357
105 1.836429
106 1.863214
107 1.834286
108 1.836429
109 1.782857
110 1.733571
111 1.736786
112 1.779643
113 1.733571
114 1.757143
115 1.773214
116 1.740000
117 1.686429
118 1.760357
119 1.720714
120 1.770000
121 1.730357
122 1.782857
123 1.753929
124 1.770000
125 32.576786
126 63.999643
127 2.130000
128 2.027143
129 2.019643
130 2.013214
131 1.986429
132 1.983214
133 1.986429
134 2.016429
135 1.930714
136 1.957500
137 1.953214
138 1.932857
139 1.806429
140 1.920000
141 2.033571
142 1.976786
143 1.900714
144 2.079643
145 1.933929
146 1.967143
147 1.873929
148 1.823571
149 1.863214
150 1.856786
151 1.920000
152 1.847143
153 1.727143
154 1.849286
155 1.860000
156 1.826786
157 1.863214
158 115.466786
159 2.316429
160 1.983214
161 1.986429
162 1.976786
163 1.940357
164 1.996071
165 1.973571
166 2.987143
167 2.130000
168 1.969286
169 1.962857
170 2.022857
171 2.006786
172 1.899643
173 1.896429
174 1.872857
175 1.727143
176 1.899643
177 1.966071
178 1.959643
179 1.937143
180 1.963929
181 1.893214
182 2.027143
183 1.946786
184 1.983214
185 1.812857
186 1.833214
187 2.632500
188 2.006786
189 1.940357
190 69.886071
191 2.246786
192 2.040000
193 1.989643
194 1.972500
195 1.863214
196 1.902857
197 1.756071
198 1.855714
199 1.813929
200 1.822500
