  1 272.706429
  2 251.352857
  3 39.060000
  4 2.096786
  5 1.929643
  6 260.106429
  7 2.343214
  8 1.946786
  9 1.873929
 10 1.936071
 11 2.060357
 12 1.937143
 13 2.047500
 14 67.443214
 15 2.040000
 16 1.929643
 17 1.929643
 18 1.975714
 19 1.950000
 20 1.860000
 21 1.839643
 22 1.946786
 23 1.932857
 24 1.966071
 25 1.984286
 26 1.870714
 27 1.913571
 28 1.893214
 29 1.943571
 30 287.597143
 31 2.413929
 32 1.950000
 33 1.973571
 34 2.573571
 35 1.877143
 36 1.872857
 37 1.803214
 38 1.822500
 39 1.842857
 40 1.869643
 41 1.836429
 42 1.843929
 43 1.897500
 44 1.984286
 45 1.790357
 46 1.866429
 47 1.780714
 48 1.839643
 49 1.817143
 50 1.823571
 51 1.896429
 52 1.890000
 53 1.856786
 54 1.879286
 55 1.962857
 56 1.860000
 57 1.933929
 58 1.793571
 59 1.876071
 60 1.843929
 61 1.883571
 62 70.160357
 63 2.172857
 64 1.863214
 65 1.776429
 66 1.912500
 67 1.789286
 68 1.836429
 69 1.833214
 70 1.820357
 71 1.890000
 72 1.773214
 73 2.003571
 74 1.866429
 75 1.806429
 76 1.853571
 77 1.860000
 78 1.950000
 79 1.803214
 80 1.789286
 81 1.744286
 82 1.800000
 83 1.866429
 84 1.856786
 85 1.793571
 86 1.930714
 87 1.840714
 88 1.863214
 89 1.883571
 90 1.839643
 91 1.850357
 92 1.807500
 93 1.853571
 94 368.720357
 95 2.590714
 96 1.983214
 97 1.913571
 98 1.883571
 99 1.863214
100 1.736786
101 1.743214
102 1.910357
103 1.896429
104 1.906071
105 1.786071
106 1.823571
107 1.883571
108 1.852500
109 1.783929
110 1.786071
111 1.722857
112 1.753929
113 1.886786
114 1.787143
115 1.852500
116 1.826786
117 1.782857
118 1.777500
119 1.826786
120 1.686429
121 1.787143
122 1.800000
123 1.786071
124 1.774286
125 1.806429
126 72.822857
127 2.063571
128 1.926429
129 1.896429
130 1.826786
131 1.907143
132 1.876071
133 1.783929
134 1.800000
135 1.792500
136 1.710000
137 1.780714
138 1.842857
139 1.863214
140 1.869643
141 1.743214
142 1.836429
143 1.789286
144 1.842857
145 1.809643
146 1.906071
147 1.812857
148 1.886786
149 1.906071
150 1.877143
151 1.736786
152 1.906071
153 1.800000
154 1.840714
155 1.823571
156 1.856786
157 1.783929
158 199.393929
159 2.246786
160 1.936071
161 1.813929
162 1.812857
163 1.920000
164 1.877143
165 1.864286
166 1.830000
167 1.942500
168 1.893214
169 1.959643
170 1.894286
171 1.893214
172 1.872857
173 1.932857
174 1.853571
175 1.809643
176 33.270000
177 2.395714
178 1.873929
179 1.877143
180 1.813929
181 1.852500
182 1.856786
183 1.830000
184 1.920000
185 1.863214
186 1.869643
187 1.796786
188 1.792500
189 1.853571
190 70.763571
191 2.130000
192 1.880357
193 1.916786
194 1.886786
195 1.867500
196 1.894286
197 1.880357
198 1.867500
199 1.896429
200 1.860000
