  1 359.302500
  2 400.622143
  3 41.703214
  4 2.126786
  5 1.962857
  6 377.986071
  7 2.352857
  8 1.792500
  9 1.860000
 10 1.783929
 11 1.863214
 12 1.890000
 13 1.812857
 14 65.916429
 15 2.170714
 16 1.840714
 17 1.929643
 18 1.800000
 19 1.883571
 20 1.849286
 21 1.833214
 22 1.820357
 23 1.762500
 24 1.923214
 25 1.929643
 26 1.740000
 27 1.773214
 28 1.812857
 29 1.795714
 30 319.097143
 31 2.436429
 32 1.807500
 33 1.793571
 34 1.833214
 35 1.743214
 36 1.823571
 37 1.740000
 38 1.746429
 39 1.749643
 40 1.683214
 41 1.780714
 42 1.710000
 43 1.770000
 44 1.730357
 45 1.774286
 46 1.770000
 47 1.686429
 48 1.646786
 49 1.903929
 50 1.786071
 51 1.699286
 52 1.736786
 53 1.675714
 54 1.763571
 55 1.623214
 56 1.743214
 57 1.757143
 58 1.743214
 59 1.680000
 60 1.743214
 61 1.749643
 62 68.763214
 63 2.109643
 64 1.876071
 65 2.005714
 66 1.676786
 67 1.833214
 68 1.697143
 69 1.666071
 70 1.700357
 71 1.760357
 72 1.699286
 73 1.720714
 74 1.662857
 75 1.683214
 76 1.716429
 77 1.667143
 78 1.972500
 79 1.697143
 80 1.830000
 81 1.752857
 82 1.749643
 83 1.629643
 84 1.719643
 85 1.667143
 86 1.703571
 87 1.730357
 88 1.726071
 89 1.660714
 90 1.599643
 91 1.653214
 92 1.793571
 93 1.800000
 94 319.368214
 95 2.537143
 96 2.286429
 97 1.793571
 98 1.997143
 99 1.852500
100 1.683214
101 1.840714
102 1.716429
103 1.703571
104 1.816071
105 1.646786
106 1.793571
107 1.790357
108 1.650000
109 1.777500
110 1.800000
111 1.632857
112 1.753929
113 1.676786
114 1.689643
115 1.632857
116 1.722857
117 1.773214
118 1.787143
119 1.822500
120 1.803214
121 1.675714
122 1.626429
123 1.727143
124 1.779643
125 1.746429
126 64.870714
127 2.020714
128 1.749643
129 1.869643
130 1.907143
131 1.849286
132 1.826786
133 1.779643
134 1.823571
135 1.700357
136 1.733571
137 1.752857
138 1.773214
139 1.706786
140 1.796786
141 1.763571
142 1.740000
143 1.766786
144 1.713214
145 1.766786
146 1.692857
147 1.792500
148 1.733571
149 1.753929
150 1.646786
151 1.746429
152 1.729286
153 1.740000
154 1.790357
155 1.732500
156 1.689643
157 1.659643
158 247.713214
159 2.482500
160 1.746429
161 1.830000
162 1.850357
163 1.849286
164 1.726071
165 1.850357
166 1.860000
167 1.790357
168 1.820357
169 1.906071
170 1.786071
171 2.302500
172 1.689643
173 1.757143
174 1.676786
175 1.706786
176 1.766786
177 1.800000
178 1.666071
179 1.719643
180 1.706786
181 1.650000
182 1.740000
183 1.722857
184 1.683214
185 1.697143
186 1.680000
187 1.687500
188 1.722857
189 1.730357
190 69.093214
191 2.150357
192 1.842857
193 1.757143
194 1.830000
195 1.855714
196 1.776429
197 1.847143
198 1.773214
199 1.816071
200 1.800000
  1 346.983214
  2 435.969643
  3 41.376429
  4 2.170714
  5 1.902857
  6 235.776429
  7 2.682857
  8 1.866429
  9 1.907143
 10 1.863214
 11 1.839643
 12 1.916786
 13 1.750714
 14 66.243214
 15 2.210357
 16 2.006786
 17 1.899643
 18 1.973571
 19 1.903929
 20 1.940357
 21 1.830000
 22 1.782857
 23 1.883571
 24 1.863214
 25 1.909286
 26 1.826786
 27 1.863214
 28 1.776429
 29 1.900714
 30 212.386071
 31 2.490000
 32 1.929643
 33 1.943571
 34 1.910357
 35 1.782857
 36 1.936071
 37 1.929643
 38 1.975714
 39 1.936071
 40 1.823571
 41 1.866429
 42 1.750714
 43 1.980000
 44 1.800000
 45 1.823571
 46 1.853571
 47 1.803214
 48 1.816071
 49 1.800000
 50 1.940357
 51 1.863214
 52 1.825714
 53 1.863214
 54 1.856786
 55 1.803214
 56 1.782857
 57 1.856786
 58 1.840714
 59 1.872857
 60 1.800000
 61 1.830000
 62 67.383214
 63 2.163214
 64 1.830000
 65 1.943571
 66 1.864286
 67 1.826786
 68 1.867500
 69 1.856786
 70 1.894286
 71 1.849286
 72 1.766786
 73 1.847143
 74 1.885714
 75 1.902857
 76 1.959643
 77 1.837500
 78 1.870714
 79 1.886786
 80 1.842857
 81 1.856786
 82 1.962857
 83 1.750714
 84 1.800000
 85 1.856786
 86 1.813929
 87 1.810714
 88 1.860000
 89 1.866429
 90 1.873929
 91 1.923214
 92 1.713214
 93 1.816071
 94 94.316786
 95 2.179286
 96 1.920000
 97 1.893214
 98 4.027500
 99 1.910357
100 1.780714
101 1.833214
102 1.864286
103 1.863214
104 1.759286
105 1.757143
106 1.817143
107 1.773214
108 1.820357
109 1.719643
110 1.830000
111 1.789286
112 1.796786
113 1.823571
114 2.816786
115 1.847143
116 1.872857
117 1.790357
118 1.840714
119 1.800000
120 1.793571
121 1.826786
122 1.860000
123 1.830000
124 1.809643
125 1.736786
126 131.216786
127 2.193214
128 1.825714
129 1.763571
130 1.893214
131 1.876071
132 1.809643
133 1.733571
134 1.813929
135 1.850357
136 1.817143
137 1.766786
138 1.872857
139 1.743214
140 1.706786
141 1.770000
142 1.713214
143 1.723929
144 1.782857
145 1.693929
146 1.746429
147 1.670357
148 1.757143
149 1.736786
150 1.812857
151 1.686429
152 1.890000
153 1.903929
154 1.913571
155 1.876071
156 1.957500
157 1.885714
158 97.103571
159 2.296071
160 1.842857
161 1.876071
162 1.882500
163 1.867500
164 1.864286
165 1.836429
166 1.820357
167 1.839643
168 1.746429
169 1.840714
170 1.809643
171 1.800000
172 1.823571
173 1.776429
174 1.896429
175 1.920000
176 1.843929
177 1.812857
178 1.915714
179 1.893214
180 1.752857
181 1.773214
182 1.826786
183 1.863214
184 1.906071
185 1.703571
186 1.847143
187 1.866429
188 1.840714
189 1.873929
190 175.226786
191 2.407500
192 1.886786
193 1.876071
194 1.912500
195 1.853571
196 1.840714
197 1.790357
198 1.730357
199 1.840714
200 1.853571
