  1 334.261071
  2 335.813571
  3 41.734286
  4 2.150357
  5 1.800000
  6 289.693929
  7 2.526429
  8 1.940357
  9 1.883571
 10 1.787143
 11 1.806429
 12 1.786071
 13 1.744286
 14 66.800357
 15 2.139643
 16 1.860000
 17 1.836429
 18 1.789286
 19 1.793571
 20 1.722857
 21 1.757143
 22 1.683214
 23 1.683214
 24 1.866429
 25 1.749643
 26 1.777500
 27 1.894286
 28 1.849286
 29 1.836429
 30 214.239643
 31 2.646429
 32 1.950000
 33 1.793571
 34 1.820357
 35 1.883571
 36 1.780714
 37 1.793571
 38 1.787143
 39 1.753929
 40 1.746429
 41 1.749643
 42 1.807500
 43 1.789286
 44 1.763571
 45 1.776429
 46 1.763571
 47 1.706786
 48 1.700357
 49 1.816071
 50 1.773214
 51 1.699286
 52 1.782857
 53 1.680000
 54 1.723929
 55 1.822500
 56 1.789286
 57 1.692857
 58 1.713214
 59 1.766786
 60 1.672500
 61 1.913571
 62 69.639643
 63 2.203929
 64 1.693929
 65 1.756071
 66 1.752857
 67 1.667143
 68 1.800000
 69 1.736786
 70 1.779643
 71 1.706786
 72 1.765714
 73 1.762500
 74 1.656429
 75 1.756071
 76 1.722857
 77 1.796786
 78 1.766786
 79 1.732500
 80 1.866429
 81 1.733571
 82 1.736786
 83 1.749643
 84 1.687500
 85 1.650000
 86 1.650000
 87 1.749643
 88 1.676786
 89 1.820357
 90 1.653214
 91 1.843929
 92 1.820357
 93 1.796786
 94 153.980357
 95 2.500714
 96 1.856786
 97 1.847143
 98 1.746429
 99 1.826786
100 1.817143
101 1.756071
102 1.736786
103 1.817143
104 1.740000
105 1.770000
106 1.719643
107 1.819286
108 1.783929
109 1.834286
110 32.923929
111 4.363929
112 1.880357
113 1.730357
114 1.756071
115 1.773214
116 1.836429
117 1.872857
118 1.840714
119 1.763571
120 1.989643
121 1.686429
122 1.686429
123 1.980000
124 1.672500
125 1.826786
126 63.536786
127 2.030357
128 1.790357
129 1.880357
130 1.729286
131 1.836429
132 1.750714
133 1.787143
134 1.756071
135 1.803214
136 1.683214
137 1.676786
138 1.736786
139 1.770000
140 1.812857
141 1.809643
142 1.732500
143 1.743214
144 1.670357
145 1.989643
146 1.710000
147 1.820357
148 1.689643
149 1.713214
150 1.710000
151 1.839643
152 1.722857
153 1.950000
154 1.676786
155 1.776429
156 1.743214
157 1.776429
158 198.333214
159 2.366786
160 1.879286
161 1.930714
162 1.790357
163 1.870714
164 1.866429
165 33.979286
166 1.893214
167 1.907143
168 1.882500
169 1.710000
170 1.877143
171 1.793571
172 1.713214
173 1.812857
174 1.746429
175 1.763571
176 1.800000
177 1.753929
178 1.687500
179 1.683214
180 1.743214
181 1.756071
182 1.806429
183 1.763571
184 1.717500
185 1.793571
186 1.686429
187 1.779643
188 1.833214
189 1.716429
190 69.033214
191 2.126786
192 1.800000
193 1.803214
194 1.747500
195 1.820357
196 1.749643
197 1.830000
198 1.746429
199 1.706786
200 1.842857
  1 350.553214
  2 277.650000
  3 40.956429
  4 2.169643
  5 1.896429
  6 177.120000
  7 2.563929
  8 1.907143
  9 2.033571
 10 1.869643
 11 1.937143
 12 1.877143
 13 1.863214
 14 65.892857
 15 2.076429
 16 1.907143
 17 1.930714
 18 2.046429
 19 2.010000
 20 1.890000
 21 1.880357
 22 1.830000
 23 1.749643
 24 1.782857
 25 1.909286
 26 1.873929
 27 1.912500
 28 1.877143
 29 1.893214
 30 332.257500
 31 2.406429
 32 1.939286
 33 1.847143
 34 1.986429
 35 1.920000
 36 1.863214
 37 1.743214
 38 1.870714
 39 1.837500
 40 1.813929
 41 1.816071
 42 1.790357
 43 1.740000
 44 1.760357
 45 1.933929
 46 1.883571
 47 1.806429
 48 1.793571
 49 1.806429
 50 1.816071
 51 1.733571
 52 1.740000
 53 1.680000
 54 1.757143
 55 1.680000
 56 1.719643
 57 1.696071
 58 1.705714
 59 1.690714
 60 1.659643
 61 1.722857
 62 73.479643
 63 2.223214
 64 1.812857
 65 1.867500
 66 1.866429
 67 1.886786
 68 1.860000
 69 1.774286
 70 1.806429
 71 1.902857
 72 1.806429
 73 1.770000
 74 1.683214
 75 1.817143
 76 1.800000
 77 1.813929
 78 1.812857
 79 1.783929
 80 1.817143
 81 1.697143
 82 1.756071
 83 1.855714
 84 1.770000
 85 1.746429
 86 1.703571
 87 1.789286
 88 1.713214
 89 1.833214
 90 1.809643
 91 1.800000
 92 1.782857
 93 1.803214
 94 285.080357
 95 2.270357
 96 1.910357
 97 1.690714
 98 1.804286
 99 1.843929
100 1.853571
101 1.810714
102 1.780714
103 1.720714
104 1.804286
105 1.820357
106 1.762500
107 1.803214
108 1.719643
109 1.756071
110 1.820357
111 1.733571
112 1.663929
113 1.826786
114 2.614286
115 1.877143
116 1.873929
117 1.847143
118 1.692857
119 1.830000
120 1.809643
121 1.836429
122 1.840714
123 1.803214
124 1.830000
125 1.716429
126 68.940000
127 2.243571
128 1.926429
129 1.989643
130 1.853571
131 1.839643
132 1.856786
133 1.822500
134 1.696071
135 1.803214
136 1.710000
137 1.773214
138 1.823571
139 1.846071
140 2.053929
141 1.830000
142 1.833214
143 1.842857
144 1.847143
145 1.863214
146 1.883571
147 1.853571
148 1.897500
149 1.830000
150 1.850357
151 1.853571
152 1.810714
153 1.803214
154 1.766786
155 1.850357
156 1.823571
157 1.795714
158 208.915714
159 2.472857
160 1.932857
161 1.907143
162 1.953214
163 1.946786
164 1.962857
165 1.870714
166 34.156071
167 1.923214
168 1.852500
169 1.853571
170 1.850357
171 1.869643
172 1.760357
173 1.953214
174 1.834286
175 2.153571
176 1.872857
177 1.770000
178 1.780714
179 1.722857
180 1.813929
181 1.830000
182 1.826786
183 1.813929
184 1.812857
185 1.812857
186 1.812857
187 1.879286
188 1.820357
189 1.833214
190 71.673214
191 2.147143
192 1.782857
193 1.803214
194 1.749643
195 1.893214
196 1.863214
197 1.823571
198 1.817143
199 1.847143
200 1.866429
