  1 313.836429
  2 384.487500
  3 42.836786
  4 2.439643
  5 2.046429
  6 418.430357
  7 2.532857
  8 2.109643
  9 2.109643
 10 2.267143
 11 2.133214
 12 2.076429
 13 2.149286
 14 71.873571
 15 2.280000
 16 2.013214
 17 2.190000
 18 2.063571
 19 1.983214
 20 2.073214
 21 2.030357
 22 2.150357
 23 1.929643
 24 2.156786
 25 2.163214
 26 2.117143
 27 2.066786
 28 2.036786
 29 2.116071
 30 332.493214
 31 2.736429
 32 34.293214
 33 2.450357
 34 2.133214
 35 2.027143
 36 1.970357
 37 2.156786
 38 2.040000
 39 2.027143
 40 1.989643
 41 2.020714
 42 2.036786
 43 2.052857
 44 1.959643
 45 2.057143
 46 2.063571
 47 2.106429
 48 2.106429
 49 2.010000
 50 2.013214
 51 2.142857
 52 2.060357
 53 2.063571
 54 2.010000
 55 2.036786
 56 2.023929
 57 2.110714
 58 2.120357
 59 2.006786
 60 2.093571
 61 2.040000
 62 73.950000
 63 2.173929
 64 2.057143
 65 2.076429
 66 2.109643
 67 2.196429
 68 2.250000
 69 2.117143
 70 1.976786
 71 2.079643
 72 2.139643
 73 2.076429
 74 2.043214
 75 2.040000
 76 1.980000
 77 2.079643
 78 2.077500
 79 1.996071
 80 2.049643
 81 1.986429
 82 2.074286
 83 2.434286
 84 2.040000
 85 1.940357
 86 2.090357
 87 2.046429
 88 2.183571
 89 2.095714
 90 2.086071
 91 2.000357
 92 1.833214
 93 1.967143
 94 80.799643
 95 2.243571
 96 2.103214
 97 1.980000
 98 1.986429
 99 1.930714
100 2.016429
101 1.956429
102 1.926429
103 1.996071
104 2.016429
105 1.936071
106 1.856786
107 1.970357
108 1.962857
109 1.929643
110 1.906071
111 1.939286
112 1.939286
113 1.920000
114 1.902857
115 1.923214
116 1.909286
117 1.943571
118 4.149643
119 1.960714
120 1.876071
121 2.040000
122 1.986429
123 1.976786
124 1.956429
125 1.906071
126 94.269643
127 2.142857
128 1.899643
129 2.089286
130 1.843929
131 2.010000
132 2.106429
133 2.023929
134 2.059286
135 2.040000
136 1.967143
137 2.100000
138 1.967143
139 1.996071
140 1.943571
141 1.773214
142 1.729286
143 2.076429
144 1.946786
145 2.010000
146 2.073214
147 1.806429
148 1.883571
149 1.810714
150 1.752857
151 1.833214
152 1.890000
153 1.823571
154 1.849286
155 1.793571
156 1.896429
157 1.853571
158 120.700714
159 2.246786
160 2.112857
161 2.070000
162 2.190000
163 2.093571
164 1.937143
165 1.954286
166 1.860000
167 2.136429
168 2.033571
169 1.960714
170 1.943571
171 1.842857
172 1.830000
173 1.810714
174 1.856786
175 1.863214
176 2.047500
177 1.826786
178 1.809643
179 1.990714
180 1.986429
181 2.112857
182 2.019643
183 1.966071
184 1.932857
185 1.830000
186 2.080714
187 2.052857
188 2.029286
189 2.687143
190 69.623571
191 2.220000
192 2.076429
193 2.073214
194 2.119286
195 2.066786
196 2.017500
197 1.973571
198 2.026071
199 2.030357
200 2.003571
