  1 263.556429
  2 289.924286
  3 38.520000
  4 2.160000
  5 1.940357
  6 310.105714
  7 2.360357
  8 1.883571
  9 1.879286
 10 1.860000
 11 1.959643
 12 1.837500
 13 1.853571
 14 69.410357
 15 2.109643
 16 1.929643
 17 1.885714
 18 1.713214
 19 1.817143
 20 1.849286
 21 1.896429
 22 1.877143
 23 1.776429
 24 2.169643
 25 1.940357
 26 1.890000
 27 4.193571
 28 1.860000
 29 1.830000
 30 284.154643
 31 2.293929
 32 1.937143
 33 33.273214
 34 2.349643
 35 2.013214
 36 1.816071
 37 2.060357
 38 1.860000
 39 1.852500
 40 1.846071
 41 1.893214
 42 1.749643
 43 1.766786
 44 1.839643
 45 1.842857
 46 1.809643
 47 1.779643
 48 1.792500
 49 1.820357
 50 1.872857
 51 1.837500
 52 2.060357
 53 1.863214
 54 1.809643
 55 1.806429
 56 1.973571
 57 1.803214
 58 1.800000
 59 1.849286
 60 1.863214
 61 1.743214
 62 69.386786
 63 2.176071
 64 1.907143
 65 1.816071
 66 1.897500
 67 1.930714
 68 1.803214
 69 1.902857
 70 1.839643
 71 1.703571
 72 1.842857
 73 1.890000
 74 1.783929
 75 1.749643
 76 1.877143
 77 1.869643
 78 1.879286
 79 1.816071
 80 1.786071
 81 1.883571
 82 1.812857
 83 1.756071
 84 1.779643
 85 1.796786
 86 1.787143
 87 1.826786
 88 1.856786
 89 1.909286
 90 1.719643
 91 1.733571
 92 1.860000
 93 1.796786
 94 247.896429
 95 3.413571
 96 2.460000
 97 1.863214
 98 1.746429
 99 1.913571
100 1.890000
101 1.809643
102 9.806786
103 8.269286
104 6.623571
105 6.470357
106 2.403214
107 3.107143
108 1.950000
109 1.962857
110 1.946786
111 1.786071
112 1.856786
113 1.893214
114 1.780714
115 1.910357
116 1.803214
117 1.833214
118 1.809643
119 3.020357
120 3.522857
121 3.563571
122 58.359643
123 8.602500
124 7.720714
125 7.809643
126 164.006786
127 8.447143
128 7.830000
129 2.000357
130 1.903929
131 1.890000
132 1.860000
133 1.843929
134 1.853571
135 1.850357
136 6.489643
137 2.832857
138 2.426786
139 3.316071
140 3.286071
141 7.860000
142 1.913571
143 1.872857
144 1.839643
145 1.860000
146 1.830000
147 3.390000
148 7.940357
149 8.172857
150 9.393214
151 2.630357
152 4.193571
153 3.579643
154 7.864286
155 7.795714
156 6.200357
157 8.143929
158 141.046071
159 7.937143
160 8.010000
161 2.152500
162 1.893214
163 1.786071
164 1.836429
165 11.142857
166 8.319643
167 7.909286
168 7.924286
169 2.130000
170 2.613214
171 1.920000
172 1.915714
173 1.809643
174 1.836429
175 10.967143
176 8.006786
177 7.790357
178 2.870357
179 2.447143
180 2.406429
181 3.236786
182 2.815714
183 8.292857
184 3.412500
185 7.850357
186 7.847143
187 2.019643
188 7.346786
189 2.326071
190 142.896429
191 8.286429
192 7.959643
193 2.110714
194 1.920000
195 2.109643
196 1.877143
197 1.902857
198 11.813571
199 3.210000
200 7.800000
