  1 398.613214
  2 358.663929
  3 38.483571
  4 2.063571
  5 1.853571
  6 324.349286
  7 2.327143
  8 1.899643
  9 1.809643
 10 1.913571
 11 1.853571
 12 1.886786
 13 1.863214
 14 66.003214
 15 2.033571
 16 1.893214
 17 1.869643
 18 1.863214
 19 1.803214
 20 1.886786
 21 1.903929
 22 1.910357
 23 1.876071
 24 1.916786
 25 1.876071
 26 1.846071
 27 2.003571
 28 1.809643
 29 1.900714
 30 319.980000
 31 2.403214
 32 1.933929
 33 1.847143
 34 1.846071
 35 1.893214
 36 1.823571
 37 1.893214
 38 1.833214
 39 1.866429
 40 1.743214
 41 1.787143
 42 1.809643
 43 1.816071
 44 3.210000
 45 2.186786
 46 1.913571
 47 1.856786
 48 1.963929
 49 1.910357
 50 1.842857
 51 1.847143
 52 1.812857
 53 1.839643
 54 1.923214
 55 1.880357
 56 1.809643
 57 1.777500
 58 1.833214
 59 1.883571
 60 1.913571
 61 1.885714
 62 75.336429
 63 2.216786
 64 1.926429
 65 1.877143
 66 1.864286
 67 1.923214
 68 1.956429
 69 1.973571
 70 1.923214
 71 1.812857
 72 1.860000
 73 1.803214
 74 1.833214
 75 1.819286
 76 1.886786
 77 1.843929
 78 1.776429
 79 1.822500
 80 1.860000
 81 1.902857
 82 1.860000
 83 1.840714
 84 1.783929
 85 1.822500
 86 1.810714
 87 1.909286
 88 1.890000
 89 1.853571
 90 1.916786
 91 1.856786
 92 1.770000
 93 1.990714
 94 83.119286
 95 2.103214
 96 1.886786
 97 1.813929
 98 1.880357
 99 1.896429
100 1.843929
101 1.800000
102 1.842857
103 1.842857
104 1.813929
105 1.816071
106 1.869643
107 1.786071
108 1.809643
109 1.863214
110 1.847143
111 1.860000
112 1.757143
113 1.667143
114 1.757143
115 1.920000
116 1.836429
117 1.776429
118 1.836429
119 1.800000
120 1.846071
121 1.800000
122 1.866429
123 1.847143
124 1.840714
125 1.846071
126 95.106429
127 2.207143
128 1.983214
129 1.910357
130 1.907143
131 1.866429
132 1.856786
133 1.773214
134 1.779643
135 1.836429
136 1.899643
137 1.872857
138 1.882500
139 1.902857
140 1.866429
141 1.813929
142 1.896429
143 1.776429
144 1.856786
145 1.860000
146 1.903929
147 1.850357
148 1.880357
149 1.833214
150 1.842857
151 1.850357
152 1.749643
153 1.822500
154 1.796786
155 1.850357
156 1.866429
157 1.896429
158 120.843214
159 2.243571
160 1.902857
161 1.900714
162 1.902857
163 1.959643
164 1.826786
165 1.732500
166 1.710000
167 1.773214
168 1.826786
169 1.796786
170 1.749643
171 1.843929
172 1.773214
173 1.872857
174 1.860000
175 1.813929
176 1.849286
177 1.810714
178 1.866429
179 1.876071
180 1.774286
181 1.834286
182 1.839643
183 1.809643
184 1.833214
185 1.847143
186 1.830000
187 1.773214
188 33.170357
189 1.983214
190 69.733929
191 2.066786
192 1.902857
193 1.896429
194 1.823571
195 1.830000
196 1.893214
197 1.836429
198 1.853571
199 1.779643
200 1.833214
