  1 299.333571
  2 296.810357
  3 38.793214
  4 1.956429
  5 1.856786
  6 331.803214
  7 2.383929
  8 1.916786
  9 1.836429
 10 1.863214
 11 1.836429
 12 1.749643
 13 1.820357
 14 72.546429
 15 2.142857
 16 1.886786
 17 1.836429
 18 1.863214
 19 1.910357
 20 1.839643
 21 1.869643
 22 1.866429
 23 1.916786
 24 2.236071
 25 1.820357
 26 1.823571
 27 1.839643
 28 1.836429
 29 1.812857
 30 314.635714
 31 2.245714
 32 2.079643
 33 1.939286
 34 1.882500
 35 1.816071
 36 1.803214
 37 1.846071
 38 1.779643
 39 1.803214
 40 1.743214
 41 1.959643
 42 1.836429
 43 1.819286
 44 1.803214
 45 2.016429
 46 1.786071
 47 1.847143
 48 1.780714
 49 1.890000
 50 1.800000
 51 1.853571
 52 1.747500
 53 1.822500
 54 1.803214
 55 1.882500
 56 1.806429
 57 1.766786
 58 1.719643
 59 1.847143
 60 1.877143
 61 1.872857
 62 72.240000
 63 2.106429
 64 1.796786
 65 1.806429
 66 1.902857
 67 1.890000
 68 1.866429
 69 1.860000
 70 1.842857
 71 1.702500
 72 3.274286
 73 2.160000
 74 1.886786
 75 1.823571
 76 1.812857
 77 1.849286
 78 1.989643
 79 1.823571
 80 1.810714
 81 1.773214
 82 1.833214
 83 1.966071
 84 1.779643
 85 1.720714
 86 1.847143
 87 1.940357
 88 1.823571
 89 1.807500
 90 1.907143
 91 1.870714
 92 1.850357
 93 1.713214
 94 330.580714
 95 2.439643
 96 1.876071
 97 1.816071
 98 1.820357
 99 1.899643
100 1.793571
101 1.756071
102 1.806429
103 1.800000
104 2.036786
105 1.779643
106 1.809643
107 1.736786
108 1.879286
109 1.836429
110 1.819286
111 1.816071
112 1.837500
113 1.777500
114 1.810714
115 1.777500
116 1.733571
117 1.770000
118 1.675714
119 1.910357
120 1.770000
121 1.717500
122 1.736786
123 1.796786
124 1.863214
125 1.680000
126 74.483571
127 2.183571
128 1.823571
129 1.852500
130 1.869643
131 1.816071
132 1.833214
133 1.817143
134 1.899643
135 1.796786
136 1.773214
137 1.850357
138 1.733571
139 1.620000
140 1.757143
141 1.800000
142 1.753929
143 1.783929
144 1.850357
145 1.790357
146 1.766786
147 1.823571
148 1.689643
149 1.706786
150 1.816071
151 1.722857
152 1.807500
153 1.762500
154 1.779643
155 1.760357
156 1.740000
157 1.760357
158 301.368214
159 2.956071
160 1.916786
161 1.760357
162 1.836429
163 1.899643
164 1.894286
165 1.890000
166 1.940357
167 1.787143
168 1.803214
169 1.773214
170 1.826786
171 1.800000
172 1.782857
173 1.640357
174 1.809643
175 1.729286
176 1.779643
177 1.817143
178 1.817143
179 1.840714
180 1.800000
181 1.773214
182 1.787143
183 1.726071
184 1.689643
185 1.820357
186 1.800000
187 1.836429
188 1.782857
189 1.777500
190 77.229643
191 2.103214
192 1.809643
193 1.839643
194 1.800000
195 1.803214
196 1.842857
197 1.826786
198 1.853571
199 1.770000
200 1.783929
