  1 182.636786
  2 267.724286
  3 37.560000
  4 2.049643
  5 2.049643
  6 257.183571
  7 2.442857
  8 1.989643
  9 1.946786
 10 1.920000
 11 1.953214
 12 1.966071
 13 2.022857
 14 70.179643
 15 2.136429
 16 2.003571
 17 1.957500
 18 2.060357
 19 1.849286
 20 1.926429
 21 1.973571
 22 1.927500
 23 1.782857
 24 1.853571
 25 1.823571
 26 1.973571
 27 1.903929
 28 1.950000
 29 1.989643
 30 266.391429
 31 2.349643
 32 2.750357
 33 2.036786
 34 1.909286
 35 1.936071
 36 1.926429
 37 1.856786
 38 1.945714
 39 1.877143
 40 1.830000
 41 1.820357
 42 1.836429
 43 1.880357
 44 1.886786
 45 1.839643
 46 1.880357
 47 1.927500
 48 1.847143
 49 1.903929
 50 4.099286
 51 1.913571
 52 1.810714
 53 1.850357
 54 1.800000
 55 1.820357
 56 1.860000
 57 1.963929
 58 1.836429
 59 1.783929
 60 1.822500
 61 1.839643
 62 68.700000
 63 2.123571
 64 1.907143
 65 1.912500
 66 1.943571
 67 1.970357
 68 1.976786
 69 1.773214
 70 1.853571
 71 1.853571
 72 1.953214
 73 1.882500
 74 1.765714
 75 1.890000
 76 1.899643
 77 1.846071
 78 1.820357
 79 1.863214
 80 1.820357
 81 3.963214
 82 1.896429
 83 1.863214
 84 1.976786
 85 1.846071
 86 1.825714
 87 1.872857
 88 1.819286
 89 1.893214
 90 1.856786
 91 1.837500
 92 1.880357
 93 1.860000
 94 195.986786
 95 2.383929
 96 1.950000
 97 1.920000
 98 1.999286
 99 1.943571
100 1.842857
101 1.863214
102 32.772857
103 2.360357
104 1.907143
105 1.846071
106 1.899643
107 1.923214
108 1.770000
109 1.692857
110 1.792500
111 1.792500
112 1.817143
113 1.787143
114 1.936071
115 2.003571
116 1.833214
117 1.834286
118 1.830000
119 1.669286
120 1.812857
121 1.873929
122 1.766786
123 1.770000
124 1.809643
125 1.759286
126 96.726429
127 2.330357
128 1.916786
129 1.876071
130 1.837500
131 1.803214
132 1.960714
133 1.773214
134 1.806429
135 1.863214
136 1.816071
137 1.812857
138 1.890000
139 1.813929
140 1.787143
141 1.863214
142 1.843929
143 1.823571
144 1.762500
145 1.890000
146 1.796786
147 1.787143
148 1.856786
149 1.943571
150 1.869643
151 1.826786
152 1.852500
153 2.070000
154 1.923214
155 1.806429
156 1.793571
157 1.716429
158 82.383214
159 2.207143
160 1.912500
161 1.860000
162 1.826786
163 1.716429
164 1.809643
165 1.836429
166 1.749643
167 1.720714
168 1.793571
169 1.863214
170 1.893214
171 1.890000
172 1.833214
173 1.883571
174 1.766786
175 1.822500
176 1.877143
177 1.823571
178 1.820357
179 1.793571
180 1.833214
181 1.680000
182 1.793571
183 1.843929
184 1.840714
185 1.830000
186 1.776429
187 1.809643
188 1.790357
189 1.793571
190 192.830357
191 2.293929
192 1.886786
193 1.880357
194 1.953214
195 1.939286
196 1.893214
197 1.856786
198 1.809643
199 1.872857
200 1.830000
