  1 341.502857
  2 376.363929
  3 38.319643
  4 2.212500
  5 1.856786
  6 340.989643
  7 2.606786
  8 2.070000
  9 2.013214
 10 1.987500
 11 1.896429
 12 1.976786
 13 1.992857
 14 66.396429
 15 2.096786
 16 1.990714
 17 1.880357
 18 2.057143
 19 1.920000
 20 1.940357
 21 1.863214
 22 1.869643
 23 1.830000
 24 2.090357
 25 1.929643
 26 2.033571
 27 1.836429
 28 1.879286
 29 1.923214
 30 271.120714
 31 2.509286
 32 1.956429
 33 2.040000
 34 2.029286
 35 2.090357
 36 2.090357
 37 2.046429
 38 2.090357
 39 1.896429
 40 2.630357
 41 2.100000
 42 2.030357
 43 2.763214
 44 2.316429
 45 2.057143
 46 2.036786
 47 1.972500
 48 1.879286
 49 1.916786
 50 1.953214
 51 1.837500
 52 1.806429
 53 1.696071
 54 1.856786
 55 1.800000
 56 1.800000
 57 1.826786
 58 1.880357
 59 1.872857
 60 1.836429
 61 1.779643
 62 69.459643
 63 2.313214
 64 2.053929
 65 1.943571
 66 1.960714
 67 1.896429
 68 1.910357
 69 1.863214
 70 1.796786
 71 1.856786
 72 1.869643
 73 1.860000
 74 1.823571
 75 1.836429
 76 1.803214
 77 1.842857
 78 4.086429
 79 1.869643
 80 1.866429
 81 1.820357
 82 1.766786
 83 1.809643
 84 1.763571
 85 1.765714
 86 1.822500
 87 1.773214
 88 1.890000
 89 1.860000
 90 1.817143
 91 1.830000
 92 1.816071
 93 1.987500
 94 226.315714
 95 2.423571
 96 2.883214
 97 2.090357
 98 2.040000
 99 1.973571
100 2.049643
101 1.945714
102 1.897500
103 1.843929
104 1.896429
105 1.946786
106 1.967143
107 1.886786
108 1.883571
109 2.050714
110 1.986429
111 1.976786
112 2.013214
113 1.993929
114 1.986429
115 2.056071
116 1.943571
117 1.853571
118 1.866429
119 1.920000
120 1.980000
121 1.902857
122 1.957500
123 1.937143
124 1.996071
125 2.046429
126 65.906786
127 2.136429
128 1.896429
129 1.856786
130 1.882500
131 1.819286
132 1.833214
133 1.776429
134 1.780714
135 1.853571
136 1.770000
137 1.790357
138 1.783929
139 1.722857
140 1.873929
141 1.689643
142 1.816071
143 1.860000
144 1.793571
145 1.793571
146 1.812857
147 1.836429
148 1.879286
149 1.787143
150 1.836429
151 1.736786
152 1.743214
153 1.746429
154 1.807500
155 1.733571
156 1.803214
157 1.810714
158 278.643214
159 2.423571
160 1.923214
161 1.916786
162 1.826786
163 1.923214
164 1.866429
165 1.846071
166 1.850357
167 1.830000
168 1.803214
169 1.730357
170 1.803214
171 1.830000
172 1.846071
173 1.823571
174 1.823571
175 1.823571
176 1.840714
177 1.880357
178 1.790357
179 1.807500
180 1.830000
181 1.810714
182 1.813929
183 1.853571
184 1.756071
185 1.826786
186 1.806429
187 1.830000
188 1.856786
189 1.879286
190 75.202500
191 2.373214
192 2.040000
193 1.860000
194 1.969286
195 2.006786
196 2.022857
197 2.074286
198 2.010000
199 1.976786
200 1.996071
