  1 10750.120714
  2 738.503571
  3 43.856786
  4 2.333571
  5 1.946786
  6 460.363929
  7 2.760000
  8 1.953214
  9 2.043214
 10 1.890000
 11 1.819286
 12 1.863214
 13 1.826786
 14 736.995000
 15 2.396786
 16 1.907143
 17 1.923214
 18 1.863214
 19 1.834286
 20 1.984286
 21 1.736786
 22 1.896429
 23 1.833214
 24 1.973571
 25 1.790357
 26 1.770000
 27 1.812857
 28 2.206071
 29 1.826786
 30 4858.451786
 31 2.563929
 32 1.992857
 33 1.973571
 34 1.973571
 35 1.807500
 36 1.842857
 37 1.813929
 38 1.880357
 39 1.810714
 40 1.689643
 41 1.750714
 42 1.660714
 43 1.782857
 44 1.786071
 45 1.800000
 46 1.803214
 47 1.820357
 48 1.773214
 49 1.909286
 50 1.953214
 51 1.783929
 52 1.733571
 53 1.869643
 54 1.633929
 55 1.866429
 56 1.800000
 57 1.839643
 58 1.776429
 59 1.740000
 60 11.679643
 61 1.929643
 62 80.434286
 63 2.100000
 64 1.783929
 65 1.820357
 66 1.839643
 67 1.900714
 68 1.883571
 69 1.740000
 70 1.809643
 71 1.883571
 72 1.770000
 73 1.716429
 74 1.803214
 75 1.749643
 76 1.736786
 77 1.773214
 78 1.760357
 79 1.790357
 80 1.730357
 81 1.733571
 82 1.740000
 83 1.804286
 84 1.853571
 85 1.753929
 86 2.002500
 87 3.999643
 88 1.750714
 89 1.816071
 90 1.779643
 91 1.743214
 92 1.736786
 93 1.743214
 94 3220.451786
 95 2.287500
 96 1.872857
 97 1.852500
 98 1.972500
 99 1.863214
100 1.782857
101 1.730357
102 1.833214
103 1.699286
104 1.779643
105 1.913571
106 1.763571
107 1.720714
108 1.719643
109 1.800000
110 1.763571
111 1.736786
112 1.623214
113 1.843929
114 1.777500
115 1.897500
116 1.766786
117 1.763571
118 1.806429
119 1.756071
120 1.727143
121 1.787143
122 2.663571
123 1.850357
124 1.806429
125 1.849286
126 2204.860714
127 2.483571
128 1.853571
129 1.770000
130 33.990000
131 2.006786
132 1.883571
133 1.836429
134 1.847143
135 1.839643
136 1.796786
137 1.879286
138 1.689643
139 1.730357
140 1.757143
141 1.703571
142 1.746429
143 1.776429
144 1.856786
145 1.836429
146 1.800000
147 1.710000
148 1.746429
149 1.770000
150 1.710000
151 1.800000
152 1.860000
153 1.869643
154 1.773214
155 1.756071
156 1.809643
157 1.787143
158 2237.727857
159 2.599286
160 1.946786
161 1.789286
162 1.710000
163 1.856786
164 1.809643
165 1.812857
166 1.800000
167 1.830000
168 1.809643
169 1.697143
170 1.766786
171 1.756071
172 1.716429
173 1.657500
174 1.636071
175 1.732500
176 1.800000
177 1.733571
178 1.747500
179 1.710000
180 1.683214
181 1.623214
182 1.759286
183 1.753929
184 1.703571
185 1.719643
186 1.620000
187 1.750714
188 1.750714
189 1.790357
190 2182.620000
191 2.442857
192 2.060357
193 1.790357
194 1.842857
195 1.847143
196 1.866429
197 1.870714
198 1.790357
199 1.719643
200 1.656429
