  1 223.217143
  2 272.740714
  3 38.880000
  4 2.156786
  5 1.890000
  6 212.842500
  7 2.303571
  8 1.910357
  9 1.822500
 10 1.992857
 11 1.946786
 12 1.869643
 13 2.040000
 14 67.992857
 15 2.119286
 16 1.890000
 17 1.973571
 18 1.833214
 19 1.880357
 20 2.032500
 21 1.856786
 22 1.886786
 23 1.899643
 24 1.966071
 25 2.073214
 26 1.896429
 27 1.863214
 28 1.900714
 29 1.840714
 30 200.989286
 31 2.380714
 32 1.920000
 33 1.863214
 34 1.880357
 35 1.846071
 36 1.883571
 37 1.783929
 38 1.942500
 39 1.923214
 40 1.877143
 41 1.923214
 42 1.806429
 43 1.822500
 44 1.870714
 45 1.830000
 46 1.850357
 47 1.867500
 48 4.089643
 49 1.839643
 50 1.882500
 51 1.916786
 52 33.677143
 53 2.406429
 54 1.976786
 55 4.110000
 56 1.912500
 57 1.860000
 58 1.860000
 59 1.980000
 60 1.760357
 61 1.886786
 62 69.617143
 63 2.090357
 64 1.950000
 65 1.876071
 66 1.886786
 67 1.866429
 68 1.899643
 69 1.860000
 70 1.790357
 71 1.882500
 72 1.882500
 73 1.873929
 74 1.873929
 75 1.852500
 76 1.839643
 77 1.820357
 78 1.826786
 79 1.872857
 80 2.033571
 81 1.822500
 82 1.795714
 83 1.686429
 84 1.763571
 85 1.803214
 86 1.806429
 87 1.856786
 88 1.860000
 89 2.010000
 90 1.867500
 91 1.902857
 92 1.913571
 93 1.886786
 94 351.024643
 95 2.734286
 96 1.956429
 97 1.890000
 98 1.833214
 99 1.946786
100 1.820357
101 1.817143
102 1.820357
103 1.940357
104 1.950000
105 1.927500
106 1.869643
107 1.779643
108 1.833214
109 1.836429
110 1.777500
111 1.822500
112 1.863214
113 1.870714
114 1.932857
115 1.846071
116 1.752857
117 1.803214
118 1.957500
119 1.902857
120 1.842857
121 1.843929
122 1.817143
123 1.996071
124 1.847143
125 1.899643
126 70.332857
127 2.146071
128 1.899643
129 1.920000
130 1.893214
131 1.850357
132 1.916786
133 1.929643
134 1.823571
135 1.870714
136 1.790357
137 1.820357
138 1.766786
139 1.882500
140 1.853571
141 1.850357
142 1.779643
143 1.853571
144 1.803214
145 1.830000
146 1.839643
147 1.847143
148 1.856786
149 1.823571
150 1.883571
151 1.866429
152 1.812857
153 1.833214
154 1.816071
155 1.846071
156 1.853571
157 1.760357
158 279.828214
159 2.803929
160 1.976786
161 1.945714
162 4.200000
163 1.823571
164 1.820357
165 1.736786
166 1.890000
167 1.756071
168 1.896429
169 4.092857
170 1.837500
171 1.847143
172 1.777500
173 1.686429
174 1.809643
175 1.819286
176 1.819286
177 1.833214
178 1.869643
179 1.850357
180 1.846071
181 1.833214
182 1.796786
183 1.760357
184 1.833214
185 1.870714
186 1.757143
187 1.899643
188 1.736786
189 1.813929
190 72.532500
191 2.199643
192 1.959643
193 1.893214
194 1.930714
195 1.929643
196 1.916786
197 1.825714
198 1.893214
199 1.894286
200 1.866429
