  1 193.007143
  2 222.130714
  3 15.743571
  4 0.860357
  5 0.831429
  6 109.743214
  7 0.941786
  8 0.796071
  9 0.777857
 10 0.803571
 11 0.792857
 12 0.793929
 13 0.828214
 14 30.175714
 15 0.874286
 16 0.840000
 17 0.841071
 18 0.806786
 19 0.770357
 20 0.876429
 21 0.801429
 22 0.721071
 23 0.843214
 24 0.857143
 25 0.862500
 26 0.844286
 27 0.833571
 28 0.748929
 29 0.792857
 30 181.897500
 31 2.316429
 32 1.840714
 33 1.886786
 34 1.809643
 35 1.840714
 36 1.750714
 37 1.786071
 38 1.746429
 39 1.722857
 40 1.809643
 41 1.793571
 42 1.783929
 43 1.692857
 44 1.782857
 45 1.747500
 46 1.773214
 47 1.730357
 48 1.750714
 49 1.783929
 50 1.726071
 51 1.774286
 52 0.742500
 53 0.712500
 54 0.669643
 55 0.727500
 56 0.700714
 57 0.700714
 58 0.778929
 59 0.695357
 60 0.707143
 61 0.706071
 62 29.145000
 63 0.797143
 64 0.692143
 65 0.652500
 66 0.672857
 67 0.733929
 68 0.733929
 69 0.715714
 70 0.702857
 71 0.696429
 72 0.717857
 73 0.680357
 74 0.698571
 75 0.699643
 76 0.671786
 77 0.695357
 78 0.628929
 79 0.681429
 80 0.638571
 81 0.700714
 82 0.685714
 83 0.677143
 84 0.699643
 85 0.679286
 86 0.678214
 87 0.662143
 88 0.678214
 89 0.702857
 90 0.619286
 91 0.665357
 92 0.698571
 93 0.675000
 94 147.505714
 95 0.897857
 96 0.773571
 97 0.803571
 98 0.763929
 99 0.832500
100 0.791786
101 0.789643
102 0.770357
103 0.797143
104 0.775714
105 0.774643
106 0.796071
107 0.767143
108 0.775714
109 0.759643
110 0.781071
111 0.733929
112 0.763929
113 0.760714
114 0.774643
115 0.709286
116 0.760714
117 0.733929
118 0.709286
119 0.761786
120 0.722143
121 3.759643
122 0.720000
123 0.694286
124 0.701786
125 0.618214
126 28.718571
127 0.834643
128 0.695357
129 0.778929
130 0.745714
131 0.697500
132 0.705000
133 0.708214
134 0.701786
135 0.700714
136 0.750000
137 0.634286
138 0.675000
139 0.709286
140 0.709286
141 0.701786
142 0.728571
143 0.725357
144 0.708214
145 0.820714
146 0.692143
147 0.636429
148 0.747857
149 0.672857
150 0.752143
151 0.723214
152 0.693214
153 0.677143
154 0.685714
155 0.678214
156 0.676071
157 0.687857
158 131.497500
159 0.973929
160 0.818571
161 0.823929
162 0.805714
163 0.793929
164 0.781071
165 0.777857
166 0.780000
167 0.770357
168 0.804643
169 0.774643
170 0.755357
171 0.752143
172 0.757500
173 0.718929
174 0.790714
175 0.783214
176 0.756429
177 0.820714
178 0.780000
179 0.792857
180 0.799286
181 0.769286
182 0.711429
183 0.685714
184 0.759643
185 0.800357
186 0.726429
187 0.773571
188 0.792857
189 0.702857
190 56.634643
191 0.872143
192 0.762857
193 0.702857
194 0.740357
195 0.727500
196 0.662143
197 0.706071
198 0.721071
199 0.657857
200 0.708214
