  1 351.008571
  2 386.120357
  3 43.669286
  4 2.393571
  5 2.169643
  6 376.152857
  7 2.433214
  8 1.953214
  9 2.153571
 10 2.010000
 11 1.980000
 12 1.902857
 13 1.999286
 14 73.436786
 15 2.296071
 16 2.133214
 17 2.022857
 18 2.046429
 19 2.086071
 20 1.956429
 21 1.986429
 22 2.020714
 23 2.150357
 24 2.103214
 25 2.023929
 26 2.006786
 27 2.070000
 28 2.082857
 29 2.093571
 30 357.799286
 31 2.747143
 32 2.123571
 33 2.073214
 34 2.050714
 35 2.076429
 36 2.057143
 37 2.076429
 38 2.087143
 39 2.023929
 40 2.010000
 41 2.022857
 42 1.973571
 43 1.932857
 44 2.133214
 45 1.957500
 46 2.016429
 47 1.980000
 48 2.003571
 49 1.962857
 50 1.942500
 51 2.016429
 52 2.030357
 53 1.946786
 54 1.930714
 55 2.000357
 56 1.899643
 57 2.020714
 58 1.983214
 59 2.066786
 60 2.006786
 61 2.002500
 62 78.116786
 63 2.332500
 64 2.029286
 65 2.080714
 66 2.079643
 67 2.035714
 68 2.040000
 69 1.980000
 70 2.006786
 71 1.983214
 72 1.989643
 73 1.942500
 74 1.986429
 75 1.996071
 76 1.992857
 77 2.050714
 78 2.040000
 79 1.963929
 80 2.030357
 81 1.963929
 82 1.946786
 83 2.082857
 84 2.035714
 85 1.970357
 86 1.950000
 87 1.997143
 88 1.926429
 89 1.986429
 90 2.033571
 91 2.010000
 92 2.049643
 93 1.986429
 94 419.497500
 95 2.923929
 96 2.190000
 97 2.093571
 98 2.109643
 99 2.117143
100 2.077500
101 2.046429
102 2.076429
103 2.092500
104 1.993929
105 1.999286
106 2.166429
107 2.073214
108 1.973571
109 1.963929
110 2.019643
111 2.070000
112 2.029286
113 1.987500
114 2.087143
115 2.057143
116 2.043214
117 2.070000
118 2.095714
119 2.057143
120 2.073214
121 2.016429
122 1.923214
123 1.983214
124 2.043214
125 2.126786
126 76.516071
127 2.406429
128 2.139643
129 2.120357
130 2.180357
131 2.082857
132 2.070000
133 2.096786
134 2.080714
135 2.036786
136 2.046429
137 1.950000
138 2.036786
139 2.019643
140 1.986429
141 2.036786
142 2.026071
143 2.047500
144 2.022857
145 1.920000
146 2.049643
147 2.023929
148 1.967143
149 2.020714
150 2.013214
151 2.049643
152 2.073214
153 2.133214
154 2.070000
155 1.946786
156 2.006786
157 2.010000
158 345.486429
159 2.703214
160 4.384286
161 0.890357
162 0.967500
163 0.972857
164 0.953571
165 1.045714
166 0.952500
167 0.923571
168 0.937500
169 0.925714
170 0.890357
171 3.480000
172 2.077500
173 2.110714
174 2.073214
175 2.029286
176 2.070000
177 2.049643
178 2.049643
179 1.970357
180 1.989643
181 1.962857
182 1.962857
183 2.076429
184 1.966071
185 2.073214
186 2.022857
187 1.957500
188 2.000357
189 2.006786
190 78.609643
191 2.272500
192 2.256429
193 2.226429
194 2.100000
195 2.093571
196 2.070000
197 1.907143
198 2.016429
199 2.006786
200 1.980000
