  1 260.343214
  2 306.767143
  3 39.933214
  4 2.074286
  5 1.907143
  6 339.461786
  7 2.400000
  8 2.043214
  9 1.936071
 10 1.913571
 11 1.930714
 12 1.833214
 13 1.882500
 14 72.193929
 15 2.356071
 16 1.915714
 17 1.953214
 18 1.913571
 19 1.856786
 20 1.923214
 21 1.842857
 22 1.877143
 23 1.839643
 24 2.186786
 25 1.913571
 26 2.093571
 27 1.830000
 28 1.880357
 29 2.033571
 30 279.757500
 31 3.726429
 32 1.983214
 33 2.030357
 34 1.833214
 35 1.846071
 36 1.962857
 37 1.903929
 38 1.846071
 39 1.980000
 40 1.950000
 41 1.893214
 42 1.992857
 43 1.940357
 44 1.962857
 45 1.989643
 46 1.883571
 47 1.967143
 48 1.960714
 49 1.923214
 50 1.946786
 51 1.959643
 52 1.856786
 53 1.890000
 54 1.860000
 55 1.939286
 56 2.093571
 57 2.032500
 58 1.902857
 59 1.950000
 60 2.070000
 61 2.010000
 62 75.566786
 63 2.213571
 64 1.930714
 65 1.890000
 66 1.916786
 67 1.863214
 68 1.752857
 69 1.806429
 70 1.746429
 71 1.976786
 72 1.962857
 73 1.907143
 74 1.856786
 75 1.846071
 76 1.910357
 77 1.823571
 78 1.936071
 79 1.932857
 80 1.983214
 81 1.959643
 82 1.883571
 83 1.967143
 84 1.913571
 85 2.017500
 86 1.960714
 87 3.009643
 88 2.130000
 89 1.866429
 90 1.846071
 91 1.869643
 92 1.836429
 93 1.840714
 94 82.729286
 95 2.110714
 96 1.790357
 97 1.770000
 98 1.803214
 99 1.823571
100 1.766786
101 1.830000
102 1.786071
103 1.826786
104 1.753929
105 1.747500
106 1.766786
107 1.796786
108 1.826786
109 1.872857
110 1.806429
111 1.833214
112 1.746429
113 1.776429
114 1.907143
115 1.790357
116 1.800000
117 1.796786
118 1.803214
119 1.776429
120 1.823571
121 1.787143
122 4.066071
123 1.826786
124 1.746429
125 1.787143
126 103.380000
127 2.280000
128 1.916786
129 1.869643
130 1.846071
131 1.890000
132 1.830000
133 1.856786
134 1.946786
135 1.793571
136 1.823571
137 1.847143
138 1.809643
139 1.770000
140 1.792500
141 1.740000
142 1.780714
143 1.810714
144 1.912500
145 1.803214
146 1.779643
147 1.812857
148 1.863214
149 1.806429
150 1.793571
151 1.820357
152 1.800000
153 1.983214
154 1.929643
155 1.853571
156 1.676786
157 1.770000
158 134.839286
159 2.213571
160 1.933929
161 1.886786
162 1.870714
163 1.867500
164 1.820357
165 1.989643
166 1.849286
167 2.033571
168 1.876071
169 1.940357
170 2.013214
171 1.959643
172 1.956429
173 1.913571
174 1.902857
175 1.896429
176 1.893214
177 1.950000
178 1.933929
179 1.920000
180 1.986429
181 1.973571
182 1.986429
183 1.993929
184 2.006786
185 3.333214
186 1.950000
187 1.897500
188 1.856786
189 1.896429
190 71.336786
191 2.103214
192 1.800000
193 1.800000
194 1.812857
195 1.920000
196 1.826786
197 1.816071
198 1.752857
199 1.853571
200 1.902857
