  1 311.297143
  2 316.629643
  3 39.347143
  4 2.166429
  5 1.992857
  6 345.996429
  7 2.543571
  8 2.136429
  9 1.933929
 10 2.246786
 11 2.022857
 12 2.057143
 13 1.972500
 14 67.877143
 15 2.086071
 16 2.062500
 17 1.966071
 18 1.956429
 19 2.049643
 20 2.010000
 21 1.940357
 22 1.899643
 23 2.006786
 24 2.116071
 25 1.959643
 26 1.860000
 27 2.022857
 28 1.975714
 29 2.046429
 30 275.193214
 31 2.280000
 32 2.116071
 33 2.029286
 34 2.046429
 35 2.059286
 36 1.984286
 37 2.010000
 38 1.943571
 39 2.513571
 40 2.150357
 41 2.006786
 42 1.916786
 43 1.953214
 44 1.819286
 45 1.986429
 46 2.000357
 47 2.003571
 48 1.956429
 49 1.933929
 50 1.850357
 51 2.002500
 52 1.976786
 53 1.883571
 54 1.929643
 55 1.807500
 56 1.902857
 57 1.950000
 58 1.953214
 59 1.920000
 60 1.883571
 61 1.886786
 62 73.667143
 63 2.259643
 64 1.993929
 65 1.963929
 66 1.967143
 67 2.019643
 68 2.010000
 69 1.956429
 70 1.986429
 71 1.856786
 72 2.033571
 73 1.926429
 74 1.923214
 75 1.932857
 76 2.066786
 77 1.899643
 78 1.863214
 79 1.980000
 80 1.929643
 81 1.902857
 82 1.853571
 83 1.813929
 84 1.793571
 85 2.040000
 86 1.896429
 87 1.902857
 88 1.990714
 89 1.893214
 90 2.013214
 91 1.970357
 92 1.942500
 93 1.897500
 94 185.207143
 95 2.326071
 96 1.973571
 97 2.022857
 98 4.200000
 99 1.993929
100 1.830000
101 1.853571
102 1.826786
103 1.902857
104 1.913571
105 33.355714
106 2.442857
107 2.057143
108 2.033571
109 1.997143
110 1.973571
111 2.000357
112 1.950000
113 2.002500
114 2.006786
115 1.969286
116 1.980000
117 1.983214
118 1.966071
119 1.839643
120 1.907143
121 1.970357
122 1.996071
123 2.019643
124 1.902857
125 1.976786
126 67.420714
127 2.142857
128 2.065714
129 1.986429
130 1.993929
131 1.950000
132 1.980000
133 1.800000
134 1.906071
135 2.036786
136 1.993929
137 1.927500
138 1.809643
139 1.936071
140 1.973571
141 1.956429
142 1.873929
143 1.910357
144 1.929643
145 1.906071
146 1.879286
147 2.133214
148 1.916786
149 1.923214
150 1.890000
151 1.962857
152 1.896429
153 1.946786
154 1.893214
155 1.926429
156 1.826786
157 1.936071
158 275.507143
159 2.477143
160 2.032500
161 2.036786
162 2.057143
163 1.973571
164 1.916786
165 1.992857
166 2.040000
167 1.906071
168 1.946786
169 1.907143
170 1.973571
171 1.980000
172 1.943571
173 1.929643
174 1.896429
175 1.942500
176 1.990714
177 2.036786
178 1.882500
179 1.937143
180 2.090357
181 1.989643
182 1.953214
183 1.956429
184 2.006786
185 1.976786
186 1.863214
187 2.013214
188 1.943571
189 1.942500
190 75.642857
191 2.263929
192 2.003571
193 1.987500
194 1.940357
195 2.093571
196 1.960714
197 1.899643
198 1.830000
199 1.970357
200 1.976786
