  1 260.356071
  2 301.770000
  3 40.159286
  4 2.073214
  5 1.856786
  6 301.385357
  7 2.412857
  8 2.043214
  9 1.866429
 10 1.950000
 11 1.883571
 12 1.863214
 13 1.860000
 14 35.260714
 15 0.878571
 16 0.732857
 17 0.761786
 18 0.666429
 19 0.728571
 20 0.752143
 21 0.667500
 22 0.714643
 23 0.810000
 24 0.771429
 25 0.738214
 26 0.702857
 27 0.742500
 28 0.735000
 29 0.895714
 30 186.803571
 31 1.378929
 32 0.935357
 33 0.850714
 34 0.853929
 35 0.894643
 36 0.830357
 37 0.821786
 38 3.834643
 39 0.797143
 40 0.766071
 41 0.785357
 42 0.702857
 43 0.738214
 44 0.787500
 45 0.757500
 46 0.750000
 47 0.759643
 48 0.775714
 49 0.650357
 50 0.721071
 51 0.797143
 52 0.738214
 53 0.717857
 54 0.696429
 55 0.743571
 56 0.652500
 57 0.692143
 58 0.687857
 59 0.665357
 60 0.710357
 61 0.736071
 62 32.515714
 63 0.823929
 64 0.804643
 65 0.736071
 66 0.739286
 67 0.753214
 68 0.683571
 69 0.747857
 70 0.730714
 71 0.754286
 72 0.763929
 73 0.770357
 74 0.720000
 75 0.686786
 76 0.796071
 77 0.808929
 78 0.765000
 79 0.766071
 80 0.821786
 81 0.788571
 82 0.828214
 83 0.849643
 84 0.796071
 85 0.833571
 86 0.835714
 87 0.790714
 88 0.787500
 89 0.732857
 90 0.795000
 91 1.718571
 92 0.817500
 93 0.778929
 94 166.029643
 95 2.563929
 96 2.035714
 97 1.893214
 98 1.867500
 99 1.909286
100 1.893214
101 1.836429
102 1.883571
103 2.832857
104 1.966071
105 1.809643
106 1.900714
107 1.913571
108 1.759286
109 1.853571
110 1.850357
111 1.853571
112 1.946786
113 1.920000
114 4.073571
115 1.823571
116 1.806429
117 1.839643
118 1.846071
119 1.846071
120 1.747500
121 1.719643
122 1.819286
123 1.830000
124 1.852500
125 1.789286
126 71.186786
127 2.133214
128 1.856786
129 1.723929
130 1.833214
131 1.823571
132 1.813929
133 1.956429
134 1.860000
135 1.834286
136 1.800000
137 1.749643
138 1.757143
139 1.860000
140 1.863214
141 1.790357
142 1.830000
143 1.796786
144 1.826786
145 1.819286
146 1.826786
147 1.856786
148 1.729286
149 1.792500
150 1.872857
151 1.766786
152 1.760357
153 1.846071
154 1.839643
155 1.819286
156 2.003571
157 1.822500
158 171.052500
159 2.283214
160 1.766786
161 1.850357
162 1.863214
163 1.793571
164 1.842857
165 1.740000
166 1.800000
167 1.842857
168 1.792500
169 1.822500
170 1.782857
171 1.803214
172 1.954286
173 1.816071
174 31.823571
175 2.359286
176 1.943571
177 1.963929
178 1.890000
179 1.830000
180 1.929643
181 1.885714
182 1.890000
183 1.825714
184 1.777500
185 1.847143
186 1.842857
187 1.823571
188 1.820357
189 1.856786
190 71.180357
191 2.176071
192 1.877143
193 1.823571
194 1.813929
195 1.913571
196 1.779643
197 1.776429
198 1.877143
199 1.866429
200 1.736786
