  1 330.925714
  2 343.367143
  3 39.047143
  4 2.237143
  5 1.962857
  6 385.853571
  7 2.439643
  8 1.997143
  9 1.932857
 10 1.933929
 11 1.867500
 12 1.880357
 13 1.879286
 14 71.589643
 15 2.183571
 16 1.973571
 17 1.879286
 18 1.989643
 19 1.936071
 20 1.903929
 21 1.930714
 22 1.943571
 23 1.770000
 24 1.943571
 25 1.926429
 26 1.762500
 27 1.869643
 28 1.780714
 29 1.823571
 30 261.837857
 31 2.523214
 32 2.076429
 33 33.069643
 34 2.430000
 35 1.853571
 36 1.946786
 37 1.927500
 38 1.759286
 39 1.873929
 40 1.893214
 41 1.860000
 42 1.820357
 43 1.852500
 44 1.809643
 45 1.749643
 46 1.817143
 47 1.863214
 48 1.916786
 49 1.896429
 50 1.793571
 51 1.940357
 52 1.773214
 53 1.826786
 54 1.809643
 55 1.886786
 56 1.800000
 57 1.776429
 58 1.783929
 59 1.877143
 60 4.002857
 61 1.856786
 62 72.466071
 63 2.193214
 64 1.850357
 65 1.853571
 66 1.863214
 67 1.877143
 68 2.053929
 69 1.883571
 70 1.873929
 71 1.823571
 72 1.773214
 73 1.839643
 74 1.872857
 75 1.817143
 76 1.836429
 77 1.823571
 78 1.850357
 79 1.809643
 80 1.850357
 81 1.747500
 82 2.770714
 83 2.080714
 84 1.896429
 85 1.849286
 86 1.792500
 87 1.743214
 88 1.752857
 89 1.773214
 90 1.803214
 91 1.826786
 92 1.836429
 93 1.856786
 94 124.627500
 95 2.329286
 96 1.877143
 97 1.900714
 98 1.817143
 99 1.800000
100 1.856786
101 1.916786
102 1.836429
103 1.793571
104 1.893214
105 2.006786
106 1.765714
107 1.823571
108 1.920000
109 1.830000
110 1.800000
111 1.816071
112 1.719643
113 1.789286
114 1.903929
115 1.839643
116 1.833214
117 1.850357
118 1.850357
119 1.873929
120 1.743214
121 1.897500
122 1.853571
123 1.820357
124 3.410357
125 1.873929
126 64.967143
127 2.083929
128 1.856786
129 1.910357
130 1.913571
131 1.893214
132 1.910357
133 1.890000
134 1.893214
135 1.852500
136 1.980000
137 1.850357
138 1.980000
139 1.812857
140 1.842857
141 1.817143
142 1.846071
143 1.770000
144 1.796786
145 1.782857
146 1.855714
147 1.823571
148 1.830000
149 1.793571
150 1.823571
151 1.963929
152 1.793571
153 1.774286
154 1.746429
155 1.910357
156 1.836429
157 1.800000
158 344.486786
159 2.533929
160 1.863214
161 1.896429
162 1.906071
163 1.836429
164 1.869643
165 1.780714
166 1.867500
167 1.899643
168 1.760357
169 1.777500
170 1.747500
171 1.839643
172 1.796786
173 1.793571
174 1.727143
175 1.806429
176 1.836429
177 1.806429
178 1.752857
179 1.789286
180 1.796786
181 1.690714
182 1.783929
183 1.736786
184 1.849286
185 1.787143
186 1.800000
187 1.826786
188 1.730357
189 1.756071
190 78.153214
191 2.253214
192 1.997143
193 1.833214
194 1.853571
195 1.906071
196 1.886786
197 1.885714
198 1.883571
199 1.830000
200 1.796786
