  1 249.006429
  2 283.287857
  3 39.347143
  4 2.082857
  5 2.046429
  6 305.923929
  7 2.662500
  8 2.202857
  9 2.086071
 10 2.082857
 11 2.049643
 12 2.029286
 13 2.104286
 14 71.513571
 15 2.273571
 16 2.103214
 17 2.013214
 18 2.022857
 19 2.040000
 20 1.923214
 21 2.047500
 22 2.013214
 23 4.242857
 24 2.220000
 25 2.092500
 26 2.109643
 27 2.057143
 28 2.049643
 29 2.066786
 30 324.444643
 31 2.586429
 32 2.062500
 33 2.046429
 34 2.080714
 35 2.006786
 36 2.046429
 37 2.029286
 38 1.970357
 39 1.916786
 40 1.970357
 41 2.066786
 42 1.976786
 43 2.043214
 44 2.000357
 45 2.020714
 46 2.010000
 47 1.967143
 48 1.907143
 49 1.993929
 50 2.006786
 51 2.043214
 52 1.967143
 53 1.957500
 54 1.976786
 55 1.930714
 56 1.883571
 57 1.997143
 58 1.967143
 59 4.253571
 60 2.030357
 61 1.989643
 62 73.396071
 63 2.133214
 64 2.027143
 65 2.006786
 66 1.950000
 67 2.076429
 68 1.973571
 69 1.956429
 70 2.033571
 71 1.906071
 72 1.976786
 73 1.963929
 74 1.899643
 75 2.016429
 76 1.899643
 77 1.913571
 78 2.016429
 79 1.970357
 80 1.847143
 81 1.912500
 82 1.940357
 83 1.839643
 84 1.950000
 85 1.950000
 86 1.937143
 87 1.950000
 88 2.066786
 89 1.933929
 90 1.866429
 91 1.926429
 92 1.967143
 93 1.920000
 94 118.070357
 95 2.213571
 96 1.973571
 97 1.933929
 98 1.932857
 99 2.073214
100 2.047500
101 1.967143
102 1.997143
103 2.017500
104 2.036786
105 2.000357
106 1.976786
107 3.326786
108 2.130000
109 2.027143
110 1.973571
111 2.059286
112 2.036786
113 2.043214
114 1.963929
115 2.005714
116 2.040000
117 2.523214
118 2.123571
119 2.106429
120 2.070000
121 2.096786
122 2.120357
123 2.053929
124 2.010000
125 2.060357
126 66.413571
127 2.104286
128 2.030357
129 2.019643
130 2.053929
131 2.040000
132 2.013214
133 1.989643
134 2.103214
135 1.986429
136 1.937143
137 2.019643
138 2.010000
139 1.986429
140 2.077500
141 2.126786
142 1.987500
143 1.882500
144 2.013214
145 2.086071
146 1.973571
147 1.963929
148 1.926429
149 2.050714
150 2.074286
151 2.040000
152 2.107500
153 2.027143
154 1.992857
155 2.123571
156 2.019643
157 2.016429
158 119.453571
159 2.240357
160 2.130000
161 2.057143
162 1.959643
163 2.036786
164 1.913571
165 2.087143
166 2.033571
167 1.990714
168 1.959643
169 2.000357
170 1.933929
171 1.929643
172 1.976786
173 1.926429
174 1.912500
175 1.937143
176 1.980000
177 2.000357
178 2.023929
179 2.036786
180 2.016429
181 1.872857
182 1.967143
183 1.939286
184 2.093571
185 1.940357
186 1.953214
187 32.310000
188 2.207143
189 2.053929
190 70.500000
191 2.090357
192 2.019643
193 2.010000
194 2.017500
195 2.077500
196 2.087143
197 2.063571
198 2.093571
199 2.117143
200 2.070000
