  1 279.847500
  2 320.641071
  3 43.659643
  4 2.196429
  5 1.959643
  6 326.694643
  7 2.357143
  8 1.893214
  9 2.010000
 10 1.897500
 11 2.076429
 12 1.900714
 13 1.920000
 14 70.553571
 15 2.243571
 16 1.915714
 17 1.886786
 18 1.910357
 19 1.912500
 20 1.822500
 21 1.759286
 22 1.773214
 23 1.860000
 24 1.913571
 25 1.842857
 26 1.856786
 27 1.860000
 28 1.803214
 29 1.860000
 30 301.587857
 31 2.490000
 32 1.953214
 33 1.940357
 34 1.813929
 35 1.980000
 36 1.869643
 37 1.890000
 38 1.866429
 39 1.929643
 40 1.776429
 41 1.870714
 42 1.886786
 43 1.916786
 44 1.850357
 45 1.976786
 46 1.900714
 47 1.710000
 48 1.860000
 49 1.890000
 50 1.779643
 51 4.080000
 52 1.803214
 53 1.837500
 54 1.812857
 55 1.823571
 56 1.866429
 57 1.830000
 58 4.067143
 59 1.830000
 60 1.879286
 61 1.776429
 62 73.560000
 63 2.240357
 64 1.877143
 65 1.910357
 66 1.847143
 67 1.890000
 68 1.943571
 69 1.899643
 70 1.773214
 71 1.776429
 72 1.872857
 73 1.872857
 74 1.793571
 75 1.886786
 76 1.783929
 77 1.840714
 78 1.847143
 79 1.873929
 80 1.886786
 81 1.860000
 82 1.746429
 83 1.800000
 84 1.833214
 85 1.849286
 86 1.819286
 87 1.860000
 88 1.809643
 89 1.809643
 90 1.826786
 91 2.087143
 92 1.880357
 93 1.840714
 94 198.390000
 95 3.037500
 96 1.890000
 97 1.869643
 98 1.846071
 99 1.787143
100 1.759286
101 1.789286
102 1.809643
103 1.833214
104 1.806429
105 1.843929
106 1.833214
107 1.876071
108 1.786071
109 1.763571
110 1.796786
111 1.752857
112 1.800000
113 1.823571
114 1.816071
115 1.853571
116 1.743214
117 1.740000
118 1.810714
119 1.752857
120 1.867500
121 1.793571
122 1.766786
123 1.816071
124 1.997143
125 1.880357
126 68.799643
127 2.246786
128 1.823571
129 1.826786
130 1.880357
131 1.836429
132 1.787143
133 1.830000
134 1.760357
135 1.747500
136 1.809643
137 1.740000
138 1.795714
139 1.790357
140 1.783929
141 1.770000
142 1.727143
143 1.800000
144 1.786071
145 1.796786
146 1.847143
147 1.820357
148 1.773214
149 1.830000
150 1.790357
151 1.789286
152 1.803214
153 1.717500
154 1.783929
155 1.735714
156 1.793571
157 1.800000
158 167.340000
159 2.112857
160 1.766786
161 4.036071
162 1.959643
163 1.956429
164 1.853571
165 2.226429
166 1.956429
167 1.886786
168 1.726071
169 1.766786
170 2.507143
171 1.986429
172 1.856786
173 1.883571
174 1.863214
175 1.836429
176 1.817143
177 1.836429
178 1.759286
179 1.809643
180 1.840714
181 1.825714
182 1.869643
183 1.976786
184 1.872857
185 1.780714
186 1.786071
187 1.856786
188 1.849286
189 1.813929
190 72.347143
191 2.180357
192 1.910357
193 1.839643
194 1.903929
195 1.989643
196 4.073571
197 1.966071
198 1.849286
199 1.873929
200 1.866429
