  1 169.329643
  2 287.210357
  3 39.413571
  4 2.116071
  5 1.912500
  6 337.130357
  7 2.340000
  8 1.943571
  9 1.932857
 10 1.880357
 11 1.910357
 12 1.877143
 13 1.846071
 14 69.560357
 15 2.156786
 16 1.790357
 17 1.890000
 18 1.926429
 19 1.853571
 20 1.860000
 21 1.830000
 22 1.843929
 23 1.900714
 24 2.002500
 25 2.120357
 26 1.929643
 27 1.937143
 28 1.929643
 29 1.846071
 30 353.004643
 31 2.259643
 32 1.806429
 33 1.983214
 34 1.929643
 35 1.836429
 36 1.830000
 37 1.770000
 38 1.839643
 39 1.946786
 40 1.770000
 41 1.809643
 42 1.830000
 43 1.819286
 44 1.779643
 45 1.876071
 46 1.836429
 47 1.866429
 48 1.903929
 49 1.816071
 50 1.773214
 51 1.800000
 52 1.839643
 53 1.713214
 54 1.817143
 55 1.856786
 56 1.782857
 57 1.803214
 58 1.766786
 59 1.842857
 60 1.726071
 61 1.820357
 62 72.713571
 63 2.233929
 64 1.880357
 65 1.869643
 66 1.899643
 67 1.850357
 68 1.902857
 69 1.855714
 70 1.803214
 71 4.093929
 72 1.753929
 73 1.836429
 74 1.843929
 75 1.863214
 76 1.886786
 77 1.870714
 78 1.847143
 79 1.853571
 80 1.806429
 81 1.825714
 82 1.779643
 83 1.787143
 84 1.850357
 85 1.860000
 86 1.872857
 87 1.937143
 88 1.780714
 89 1.729286
 90 1.807500
 91 1.773214
 92 1.847143
 93 1.869643
 94 196.170000
 95 2.306786
 96 1.877143
 97 2.066786
 98 34.847143
 99 2.546786
100 1.890000
101 1.900714
102 1.843929
103 2.066786
104 1.966071
105 1.846071
106 1.806429
107 1.760357
108 1.870714
109 1.840714
110 1.839643
111 1.809643
112 1.800000
113 1.806429
114 1.793571
115 1.953214
116 1.830000
117 1.782857
118 1.770000
119 1.765714
120 1.743214
121 1.822500
122 1.700357
123 1.720714
124 1.763571
125 1.766786
126 68.583214
127 2.272500
128 1.836429
129 1.896429
130 1.842857
131 1.823571
132 1.890000
133 2.110714
134 1.856786
135 1.803214
136 1.850357
137 1.906071
138 1.807500
139 1.833214
140 1.807500
141 1.777500
142 1.833214
143 1.783929
144 2.096786
145 1.692857
146 1.776429
147 1.749643
148 1.723929
149 1.809643
150 1.823571
151 1.820357
152 1.803214
153 1.820357
154 1.803214
155 1.855714
156 1.790357
157 2.010000
158 228.326786
159 2.409643
160 2.340000
161 1.970357
162 1.899643
163 1.866429
164 1.913571
165 1.816071
166 1.796786
167 1.890000
168 1.787143
169 1.896429
170 1.853571
171 1.885714
172 1.866429
173 1.863214
174 1.879286
175 1.826786
176 1.820357
177 1.863214
178 1.890000
179 1.853571
180 1.853571
181 1.823571
182 1.820357
183 1.856786
184 1.786071
185 1.823571
186 1.850357
187 1.796786
188 1.863214
189 3.977143
190 72.797143
191 2.096786
192 1.770000
193 1.899643
194 1.826786
195 1.863214
196 1.836429
197 1.760357
198 1.926429
199 1.909286
200 1.850357
